0129893391921 (1-03297129-998)
0226883991973 (1-03237388-998)
0226893891968 (1-03236399-998)
2414895791939 (1-00076469-998)
0409891597988 (1-03299449-998)
0629873891932 (1-03296696-998)
0729843691998 (1-03298265-998)
0825813990909 (1-03300880-998)
4101803792967 (1-03305471-998)
2826835493962 (1-03253842-998)
2629855593968 (1-03295354-998)
2820815393925 (1-03237830-998)
2626865993946 (1-03251687-998)
2826825293969 (1-03253823-998)
0820893791949 (1-03254869-998)
0920823591989 (1-03259953-998)
0920893191979 (1-03257909-998)
0970873794980 (1-06759976-998)
2716875893913 (1-00254796-998)
2329835393943 (1-03297632-998)
2326815993960 (1-03253380-998)
2326845193992 (1-03258615-998)
2327845193995 (1-03248615-998)
2329815393901 (1-03293630-998)
2920815793948 (1-03231970-998)
2926845693933 (1-03256965-998)
2927835293946 (1-03241922-998)
2927865693936 (1-03246967-998)
4004853193921 (1-03251514-998)
4005853693941 (1-03247564-998)
4102803793932 (1-03230471-998)
4202803793902 (1-03233771-998)
4304863093919 (1-03252607-998)
4405863393947 (1-03247137-998)
4502843293939 (1-03230025-998)
4504843393916 (1-03252035-998)
4505833093900 (1-03243002-998)
4604863793900 (1-03253377-998)
0009871987992 (1-03298086-999)
0029873981927 (1-03297086-999)
2857875782974 (1-04342876-999)
4204843183916 (1-03252715-999)
4661843082926 (1-05301305-999)
0629873281991 (1-03298326-999)
0729843381992 (1-03298235-999)
0825873980913 (1-03301886-999)
2961881983992 (1-03308988-999)
2827815783958 (1-03240870-999)
2420855983953 (1-03230484-999)
0326853881993 (1-03238394-999)
0809841087987 (1-03299805-999)
0909871887956 (1-03295996-999)
0926893381907 (1-03230929-999)
2129865483962 (1-03295447-999)
2904811989985 (1-05849980-999)
2227895483953 (1-03240259-999)
2220825283997 (1-03238723-999)
2720885383975 (1-03232728-999)
2826845583970 (1-03252855-999)
2827845283907 (1-03245825-999)
2926875083968 (1-03253906-999)
4302853583961 (1-03235654-999)
4404833683905 (1-03253162-999)
4604853583922 (1-03251354-999)
4605833483962 (1-03245342-999)
4704843483950 (1-03256245-999)
4705813183948 (1-03247210-999)
4705843383914 (1-03242235-999)
0110000080009
1125310113636 (1-0000002-660)
1125400163437 (1-0000003-147)
1125370153335 (1-0000004-634)
3133400395019 (1-0000005-418)
1125650153437 (1-0000006-344)
2264195860981
2770862659124
2833212743790
4255303199385
4869273469102
0000370351923
0000160931371
0000360782542
0000360785633
0000380153706
0000160976336
0000380065272
0000390267204
0000390356135
0000370513866
0000390223778
0000010766791
0000390304231
0000390626742
0000390414259
0000390624528
0000390740338
0000390152010
0000390370108
0000400073393
0000400487356
0000380576512
0000400743290
0000390750520
0000400843167
0000400674291
0000400437287
0000400974012
0000410485557
0000400277281
0000410802741
0000420201855
0000410910424
0000390254237
0000420211197
0000410735384
0000420274291
0000410004817
0000420687422
0000400564949
0000430097149
0000430141787
0000430426392
0000430441809
0000430124681
0000430691257
0000430696405
0000430691026
0000440704684
0000430813570
0000440974300
0000450176794
0000450223948
0000450381260
0000450235091
0000450184559
0000450454696
0000430876773
0000450657288
0000410115696
0000450254797
0000460045583
0000460042869
0000450385552
0000460047686
0000460534926
0000460466298
0000460503580
0000460577817
0000460617858
0000460437955
0000420925317
0000460564781
0000460791639
0000460941708
0000470456296
0000470365831
0000470872342
0000480033322
0000480353611
0000480364378
0000480365564
0000470222967
0000480505311
0000480724334
0000480450235
0000470054689
0000420495478
0000480731271
0000490031709
0000480773046
0000490043434
0000480361427
0000490254775
0000490237640
0000483891987
0000490360759
0000490037325
0000490365633
0000490435057
0000490611402
0000490624639
0000500027388
0000490535652
0000500451824
0000500553786
0000500566809
0000500594358
0000500517182
0000500331580
0000500667399
0000500793739
0000510144192
0000500761831
0000500802732
0000510584064
0000500596611
0000510682159
0000510665589
0000510797374
0000510176845
0000510852305
0000510906222
0000510911154
0000510962631
0000510934762
0000510180431
0000520212391
0000520224286
0000520123837
0000520680374
0000520385518
0000510391170
0000520125394
0000530181537
0000520241388
0000530014853
0000520820163
0000530670802
0000520846376
0000530585131
0000530064081
0000530497320
0000530773958
0000530737480
0000530580048
0000530910179
0000530867071
0000540136820
0000530951310
0000530741588
0000540241690
0000540266909
0000530314977
0000540423081
0000540547699
0000540195140
0000540623926
0000540902111
0000540387712
0000540006804
0000540733847
0000550085125
0000540875471
0000550175916
0000540830274
0000550110597
0000550514869
0000540705934
0000550532388
0000550501180
0000550747861
0000530630846
0000550701784
0000550813377
0000550690402
0000550966611
0000550851755
0000560112909
0000560205834
0000560037828
0000560285177
0000560324830
0000560580713
0000560086435
0000560445854
0000560865146
0000560357948
0000570053496
0000560466864
0000560813558
0000570181629
0000570692763
0000570782273
0000570527096
0000570714805
0000570924600
0000570707850
0000570905564
0000550191532
0000580026147
0000580052270
0000580116655
0000580142108
0000580304739
0000570822074
0000570872066
0000580332321
0000580363668
0000580322573
0000570970528
0000580376529
0000580370608
0000580531258
0000580052342
0000580622578
0000580502102
0000580472377
0000580456045
0000580742351
0000590534203
0000590331215
0000590711574
0000590703276
0000590403620
0000630903057
0000630115902
0000640341089
0000580767512
0000570156098
0017240085727
0017050495020
0000590725223
0017130925324
0017110335921
0017250185222
0117120595631
0000610086532
0017840535224
0117170055927
0117490205521
0117580735428
0317240085726
0117280525121
0317370385523
0117720115921
0117860265124
0117820645537
0317130145925
0417050285229
0417170835229
0117800065324
0317520295623
0317650075821
0117750865430
0417230835138
0417090235428
1010610711469
1010350041363
0417440185225
1010550321144
1013060361329
1013010041723
1013330661119
1010160641353
1010230301048
1010240621057
1013440331403
1013770251127
1003092173942
1035500113019
1013020151425
1013700751114
1035500213001
1013760601574
1035500413007
1035500213030
1013700141652
1035500513013
1035500513035
1035500613023
1035500713022
1035510013017
1035510213019
1035510213031
1035500013014
1035510113003
1035510513036
1035510313034
1035510713010
1035510613035
1035520013016
1035520013005
1035510713009
1035520113000
1035520013023
1035500513024
1035520213014
1035510413000
1035520513017
1035520313020
1035530013020
1035530013031
1035530113005
1035530513001
1035500413036
1035530313025
1035530213022
1035540013009
1035540113026
1035540113037
1035520613038
1035530513030
1035540013038
1035540713006
1035540213018
1035540113004
1035540413014
1035550113010
1035550313012
1035550013024
1035550113038
1035560013001
1035550613008
1035550313029
1035560013029
1035560313004
1035560213027
1035550313001
1035550113009
1035550613020
1035560613023
1035560413025
1035560713011
1035570213006
1035570413022
1035570013015
1035570213039
1035570313003
1035570513025
1101120673119
1113310471436
1113130631401
1035560213010
1113450141112
1113620051544
1113610331771
1113660411560
1135340133425
1113530571408
1135500013026
1135500613000
1135500313003
1135510113015
1039885951329
1135500613011
1135510313035
1135510413005
1135510513011
1135050133302
1135520113010
1135520013013
1135520413019
1135520213026
1135510213018
1135530013025
1135530213034
1135530313033
1135530713026
1135530413012
1135540113007
1135540113025
1135540413015
1135530313000
1135540613039
1135540613006
1135540013000
1135540513029
1135550013005
1135550013034
1135550113022
1135550313019
1135540113018
1135550213014
1135560213011
1135560313007
1135550713037
1135560313018
1135560613006
1135570213030
1135570213029
1135560713021
1135570413018
1135570513013
1143760217379
1213020601106
1143640267470
1213320731019
1213330021023
1213220561202
1213720011171
1135570713000
1213530111474
1213770201001
1235500213005
1213370011062
1234770721764
1235500313022
1217500717710
1235500313033
1235500613001
1235500513008
1235500613029
1235500513020
1235500213023
1213740531026
1235500613030
1235500313000
1235510113018
1235510213002
1235500713006
1235510413006
1235510613031
1213740631300
1235510013033
1235520113037
1235520213036
1235510213035
1235520413021
1235510713016
1235520513020
1235530213026
1235520013010
1235520613029
1235530513021
1235530513032
1235530613020
1235530513003
1235530113038
1235530613008
1235540413025
1235540513024
1235540613023
1235540013012
1235540013030
1235530113010
1235550013004
1235550013026
1235550113012
1235550213017
1235550013015
1235550213006
1235550313032
1235530113009
1235550213028
1235560013003
1235560013014
1235550613013
1235550613024
1235560313028
1235550713038
1235560413036
1235560213029
1235560513002
1235560513035
1235510613008
1235560113008
1235570113003
1235570013039
1235570113014
1235570113021
1235570213031
1235560713000
1235570413011
1235570713009
1235570613035
1313020531057
1310260411556
1264450356063
1313070601775
1313240351725
1313220771323
1313250121538
1313220061226
1313140711375
1313510641354
1335500013031
1313560241230
1313320451417
1335500213000
1313740161466
1335500513001
1335500513030
1335500413026
1335500713003
1335500613017
1335500313025
1335510113019
1335500713014
1335500713032
1313750141120
1335510313039
1335520013028
1335510613023
1335520113003
1335520213008
1313770151305
1335510313028
1335520513007
1335520513025
1335520413000
1335520613002
1335530213009
1335520713010
1335530313004
1335530213027
1335530413025
1335530413007
1335530313037
1335530613016
1335530713000
1335540013024
1335540013035
1335530713022
1335530013029
1335520513036
1335540113009
1335530413036
1335540413008
1335540213026
1335540413020
1335540613022
1335540513005
1335540513016
1335550013018
1335550013007
1335540613033
1335550113024
1335530313015
1335550313000
1335550513006
1335530313026
1335550213023
1335550313022
1335550713037
1335560313010
1335560213024
1335560013033
1335560413037
1335560513012
1335560313027
1335560713003
1335560613017
1335570113022
1335570113011
1335560713021
1335560713032
1335570213021
1335570313008
1335570513006
1335570413029
1335570513017
1335570613009
1401030573119
1413030611421
1413130711766
1410340721653
1413140431425
1335570713015
1413550111014
1413310151672
1413500301522
1413600761549
1435500113035
1413410431216
1413470261422
1413350451701
1435500213016
1435500213023
1413600351175
1435510213035
1435510113025
1435500113013
1435500713026
1435510113018
1435510513030
1435510413026
1435500513039
1435510613028
1435520013010
1435520113015
1435520513011
1435520213036
1435510513029
1435530513034
1435530113010
1435530313029
1435530413031
1435540013021
1435530713036
1435530613022
1435540113031
1435540313017
1435540013032
1435540213029
1435550113021
1435540313028
1435550213020
1435550513025
1435550613024
1435550313034
1435550713038
1435560213014
1435550713027
1435560213021
1435550413011
1435560413030
1435560313031
1435560313020
1435560713026
1435540213012
1435570213033
1435570013031
1435570513030
1435560513039
1435570413026
1510020671767
1435540413036
1510360521243
1435570613039
1513170111051
1513060421233
1513240201556
1513740461715
1513600001220
1510660131045
1513400621006
1535500013008
1513300321516
1535500013019
1535500113023
1535500213033
1535500113034
1435550413022
1535500513027
1535500413035
1535500613015
1535500713012
1435560113033
1535500513038
1535500313036
1535510013003
1535510113020
1535510113019
1535510313039
1535510413009
1535510313017
1535510613025
1535510313006
1535510713035
1535520113014
1535520313016
1535510413010
1510040751050
1535520313005
1535520513027
1535520413024
1535520613026
1535530313004
1535530113017
1535530213010
1535530013029
1535530313037
1535530613014
1535530513033
1535530713019
1535540413008
1535540013026
1535540113030
1535530313015
1535530513000
1535530713031
1535540713036
1535540513023
1535540513005
1535550313024
1535550213036
1535540413019
1535540013015
1535550413005
1535540613022
1535560013024
1535550513022
1535560013035
1535550713019
1535540313021
1535560413019
1535560313029
1535560513016
1535560613022
1535560613011
1535560313001
1535560513034
1535560713018
1535560113027
1535570013025
1535570113002
1535570213034
1535560513023
1535570313022
1535570313000
1535560713025
1535570213023
1535570413030
1535570513017
1535570613010
1610240521254
1535560013002
1535570713015
1613120311657
1535570513028
1613160041112
1613550001711
1613450211032
1613170061450
1535560213037
1613520351301
1613630751237
1613770751007
1625330123230
1613160701533
1613650621233
1613750431776
1635500513024
1635500613034
1635500613023
1635500613016
1635500113028
1635500413025
1635500713033
1635500313026
1613670131143
1635510113012
1635510013037
1635500713011
1635510413022
1635500713022
1635520213030
1635520213029
1635520613016
1635500213027
1635520313039
1635520613034
1535570213005
1635530113021
1635510413033
1635530213019
1635520713011
1635530013039
1635530513018
1635530513025
1635530513036
1635530313016
1635540013016
1635540213032
1635530413022
1635520413025
1635550313025
1635550613017
1635550413037
1635550613039
1635550613028
1635550713014
1635510213028
1635560113024
1635560413012
1635560313022
1635560213016
1635560413029
1635550413015
1635560113035
1635520413036
1635550513029
1635570113025
1635560713026
1635570413037
1635570113036
1635570313010
1635560513017
1635570613039
1635560613027
1635570413015
2001050743407
2001020033402
1635570713021
2001220133003
2001460253109
2001440323006
2001360663600
2000100106344
2001510103707
2001650513408
2041582913015
2041592813004
2001150173708
2064282781247
2041582813038
2064292921563
2064432401889
2001730743703
2001440703305
2056912816726
2067532901387
2064582551968
2067822831107
2067882631154
2067872391305
2066822031928
2101030673204
2101270553201
2101360003207
2101340713504
2101500423302
2101320703114
2101570103706
2101340053402
2041582813010
2101610523309
2101600743007
2126855983587
2141582913032
2141592813003
2141582913021
2164492641860
2164662091581
2158692357117
2101620563106
2101760553403
2125360003739
2167082901249
2166092531859
2167122921862
2001140203103
2167092781125
2201010413614
2167752171989
2167812301082
2201300453115
2201270753019
2201310553511
2167862191172
2167692211860
2201410143616
2201400613510
2201400743217
2201670333316
2201730223313
2241592813037
2203812387245
2225865833896
2264922121491
2216002432896
2266352981427
2201420153418
2264952461697
2266282681035
2267442381686
2267812501694
2267742931860
2301070143109
2301100343107
2267592071796
2301540543604
2301560333609
2301310373202
2301650143103
2267282941743
2341582813002
2341592813005
2366592221911
2364902101496
2366782241923
2367232891732
2367222861286
2366792091059
2367712731880
2364362361883
2367512791099
2367562291941
2367592051807
2367802071928
2367952961513
2401110103514
2367482421093
2367732831780
2401210733705
2401120473407
2401420233705
2401540303003
2401150103305
2401560673708
2401540713604
2401640243201
2401660523503
2401740623503
2425995421990
2425835983280
2425995463893
2425645993989
2426895583807
2441592813031
2426685893095
2428702690041
2367092851442
2465582901638
2464892651240
2466022823581
2466872391449
2401520523506
2466572801954
2467102081958
2467352751995
2467342831687
2467792261595
2467652941922
2467702961874
2467832131918
2467792811208
2467882531436
2467892261200
2467962701296
2467882111074
2467492421918
2501220673517
2501330363517
2467292681426
2501100003410
2501760643119
2501730103719
2526592740298
2501210403115
2525595983695
2501770523717
2541582813008
2552002197592
2564042381873
2564112961389
2564762571886
2564292421783
2467392381462
2566902181131
2552002084197
2567122981419
2567422821802
2567422581683
2566892431609
2567082731691
2567822381500
2567832131966
2567882321304
2567842081569
2567782191379
2569872327741
2601230123500
2567082321692
2552042994548
2567102811819
2609832547070
2567962531780
2601740613111
2664002421985
2664982661148
2664672821094
2656182936478
2601570133500
2664192201691
2666952691120
2666892111733
2667002781938
2667082031691
2667292381751
2667382941544
2664242381872
2667412781799
2667492371095
2525595993955
2667902911509
2664262831960
2667882251150
2667922811575
2667542781096
2667722191916
2667972191009
3005000287457
3005010797412
3005020487527
3005070947411
3005160247854
3005350147917
3005010807650
3005120837437
3005430077875
3005450457808
3005160817035
3005470807629
3005580127307
3005570617869
3005390377033
3005420937712
3005470517087
3005630387204
3005610587176
3005660217920
3005510697722
3017000595733
3006830777646
3023590115013
3023580515009
3105050287350
3105190247445
3105110377838
3023590715019
3023580115034
3105370037972
3105490447435
3105530157908
3105540067811
3023560915021
3105290627325
3105610937143
3105700237962
3105800317759
3105450487314
3105750857251
3106390577068
3106100977775
3106710067293
3117430825737
3117460965335
3105700267947
3117120775939
3106160807142
3123060735913
3106380037578
3123520915015
3123560815029
3123560815012
3123560815030
3106780517544
3123560915037
3123570815017
3123570815028
3123560915026
3123580015029
3123580015012
3123580115022
3123580115011
3123580315000
3123580115033
3123580215025
3123580315022
3005870357416
3123580215018
3123580315033
3123580315011
3123580415018
3123580515017
3123580515006
3123580415025
3123570815039
3123580715006
3123580615021
3123580615032
3123580715039
3123590115009
3123590015019
3123590015020
3123590115027
3123580415036
3123590015031
3123590315021
3123590215035
3123590415037
3123590515016
3123590615008
3123590415026
3123590515005
3123590515023
3123590615020
3123590715027
3123570915036
3123580415007
3123590715038
3204010687415
3164630521912
3143560284317
3204300927708
3204540187249
3204190447524
3204100667794
3123590315014
3204750817343
3205250927239
3205190017140
3205300097673
3205260717907
3205080157035
3205430587220
3205450407197
3205280567517
3205550927340
3205470087119
3205560797050
3205390027358
3205640277092
3205630497200
3205230937449
3205580557027
3205480607365
3205750457904
3205760957559
3205790127722
3205750857205
3205850477433
3206830247464
3205950157226
3205810677565
3205830167275
3223510815009
3223500815026
3205760047818
3223520815037
3223520915016
3223530915013
3223540815015
3206260837341
3223540815026
3223520815015
3223550915000
3223550815007
3223530815021
3223560915016
3223510915013
3223570915002
3223570915013
3223580115012
3223580215037
3223520915034
3223580315034
3223580115029
3205900177513
3223580515025
3223580715012
3223580715030
3223590115035
3223580315023
3223580515036
3223590315031
3223580015022
3223590415003
3223580315016
3223590315020
3223590215027
3265740015804
3303930025474
3223590615014
3223590515017
3304320487625
3223570815014
3305020017835
3223590015010
3305110297046
3305080027715
3305230837722
3305100757851
3261490074449
3304750877539
3304570737826
3305310297165
3305380547467
3305390537551
3305390257266
3305430197303
3305430627592
3304590477054
3305620067922
3305480117654
3223560815015
3305710347693
3305650117815
3305570697556
3305690347401
3305540397138
3305850457562
3223570815032
3305820457459
3305940217447
3305760747191
3306250607597
3312770006923
3306260227091
3305680207474
3306300567493
3306560867274
3323500815010
3323510815004
3323500815038
3306900457743
3323510815015
3323510815037
3306720877442
3323510915016
3323520815003
3323500815027
3323530815015
3306610917762
3323530815026
3323520815014
3323520915024
3323530815037
3323520815021
3323530815004
3323530915034
3323530915023
3323540815010
3323540815027
3323550815006
3323520815032
3323550815028
3323540815009
3323540915013
3323550815017
3323500815009
3323560815014
3323560915002
3323560915013
3323570815006
3323550915036
3323560815032
3323570915018
3323560815003
3323570815028
3323580215014
3323580315002
3323570815039
3323580315013
3323580115039
3323580415018
3323560915024
3323540815038
3323580515022
3323580615018
3323580515033
3323590515010
3323590015037
3323590715027
3323590415031
3404040237198
3323590715010
3323590115016
3402450590465
3404050167900
3404090627767
3323580315035
3404150297156
3404610947609
3404780717521
3305820227504
3404000387152
3405040657829
3404830167452
3404940027501
3405120557184
3405160687210
3405150907634
3405180367763
3405250117906
3404170977337
3405320087122
3405180137513
3405470817727
3405470827735
3405330207864
3405530157866
3405490137511
3405590067541
3405640767281
3405580457769
3405620397707
3405840107010
3405870207065
3405910107159
3406290517569
3406490067268
3405750077920
3404500927429
3405910767427
3406600287768
3405970727153
3408360237553
3405510567814
3423540815002
3405700667906
3423540815035
3423550915011
3423560815002
3423550915033
3423570815018
3423570915033
3406870317370
3423580115007
3423580515001
3423570915000
3423580515012
3423580215017
3423580615000
3423510915019
3423530815005
3423590415012
3423510815009
3423590315037
3423590315015
3423590515033
3423500815000
3438163883987
3456060662979
3436820154070
3423590615036
3458370667631
3504030487038
3423590615018
3504610837428
3444120956274
3468270151677
3504940057101
3423590215012
3505090377631
3505070547939
3505100397550
3505110427928
3505050797668
3505470097005
3505500387335
3505520827208
3505480457219
3505590367024
3505710107868
3505650547878
3505270877607
3505780577774
3505310857152
3505780677236
3505650067972
3505790757238
3505830547148
3505830157138
3505950127161
3417110900218
3505940417056
3523500815007
3516170690722
3523500815018
3523510815000
3523510815033
3506960627667
3523510915001
3523500815036
3523510815011
3506250307482
3523510915012
3523530815008
3523530815019
3523520815014
3523530915010
3523540815007
3505820717144
3523530815031
3523520815032
3523560915004
3523560915015
3523570815008
3523570915038
3523530915038
3523580015014
3523580015003
3523540815018
3523580115013
3523580115035
3523570915010
3523580115002
3523560815030
3523580215009
3523580215038
3523580315035
3523580315013
3523580315002
3523580615005
3523560815012
3523580215027
3523580415010
3523580615016
3523580715020
3523580715019
3523590115001
3523590215004
3523580515008
3523590215037
3523590315005
3523580415038
3523590715029
3531993893932
3553460864650
3555430001953
3555500137911
3555710587245
3523580115024
3555720395265
3556030162965
3555520211862
3555780524144
3523590215026
3555380122517
3604310477963
3604540297319
3604200667926
3604690567625
3604680417008
3604370087605
3604760057856
3604860537322
3523580715008
3523580715031
3604840157230
3605160667834
3605020547803
3523590515036
3604000797739
3604220657813
3605200457289
3605250647838
3605010907136
3605440287048
3605350207864
3605210937247
3605140337827
3605560327972
3605270187217
3605540667836
3605600737903
3605600287358
3605590647710
3605670687638
3605620297203
3523590415039
3605540487638
3605550037959
3605690407713
3605580437556
3605870677657
3606030117583
3606360137792
3606420397173
3606610217791
3606700647295
3623510815009
3605770867039
3623510815038
3623510915035
3623540815037
3623540915016
3605750597402
3623550815010
3623540915005
3623550915013
3623580315005
3623580115045
3623580615000
3623580415006
3623580715001
3623580715012
3623570915002
3623580015000
3605920137713
3623590015038
3623580015011
3623590715002
4004693773891
4006953843823
4007283343896
3623590715013
4007793843976
3623590415014
3623590515006
3623590315019
4007963963499
4007683583193
4004613823899
3623590315008
4106483783092
4106853893451
4107883763594
4107853383931
4007783793861
4207813853956
4107593873826
4207823693281
4007993763935
4207863683837
4306383103899
4107883803407
4306983193203
4307483083807
4307743933992
4307803043984
4008763843918
4307853383289
4404113993964
4404793033884
4407083793842
4312993197726
4406883593676
4318053681868
4407983713294
4407583593838
4441423843989
3623510815010
4507593383918
4446113923996
4507623093983
4259493300286
4515293481913
4507913823490
4507903833498
4507953583873
4407953943801
4607893763796
4607593883435
4669843015948
4560383482839