1135530113035
1135520113038
1135510113037
1135500113030
1135570113031
1135560113034
1135550113033
1135540113036
3123580315011
3123590315014
1135530013036
1135520013035
1135510013038
1135500013037
1135570013032
1135560013031
1135550013034
1135540013033
3123580215018
3123590215013
1135530313033
1135520313030
1135510313035
1135500313032
1135570313039
1135560313036
1135550313031
1135540313038
3123580115011
3123590115010
1135530213034
1135520213037
1135510213036
1135500213039
1135570213030
1135560213033
1135550213032
1135540213035
3123580015012
3123590015019
1135530513039
1135520513034
1135510513033
1135500513034
1135570513035
1135560513030
1135550513039
1135540513030
3123580715017
3123590715010
1135530413030
1135520413031
1135510413034
1135500413031
1135570413036
1135560413037
1135550413030
1135540413037
3123580615014
3123590615019
1135530713037
1135520713036
1135510713031
1135500713036
1135570713033
1135560713032
1135550713037
1135540713032
3123580515017
3123590515016
1135530613038
1135520613033
1135510613032
1135500613033
1135570613034
1135560613039
1135550613038
1135540613039
3123580415018
3123590415015
1035530113034
1035520113033
1035510113032
1035500113031
1035570113030
1035560113039
1035550113038
1035540113037
3023580315016
3023590315013
1035530013031
1035520013034
1035510013039
1035500013032
1035570013037
1035560013030
1035550013035
1035540013038
3023580215015
3023590215010
1035530313036
1035520313031
1035510313034
1035500313039
1035570313032
1035560313037
1035550313030
1035540313035
3023580115016
3023590115013
1035530213033
1035520213032
1035510213031
1035500213030
1035570213039
1035560213038
1035550213037
1035540213036
3023580015015
3023590015014
1035530513030
1035520513039
1035510513036
1035500513035
1035570513036
1035560513035
1035550513032
1035540513031
3023580715010
3023590715019
1035530413037
1035520413030
1035510413033
1035500413036
1035570413033
1035560413036
1035550413039
1035540413032
3023580615019
3023590615016
1035530713032
1035520713037
1035510713038
1035500713033
1035570713038
1035560713033
1035550713034
1035540713039
3023580515010
3023590515019
1035530613039
1035520613038
1035510613035
1035500613034
1035570613035
1035560613034
1035550613031
1035540613030
3023580415019
3023590415010
1335530113039
1335520113032
1335510113031
1335500113034
1335570113033
1335560113036
1335550113035
1335540113038
3323580315013
3323590315016
1335530013030
1335520013039
1335510013032
1335500013031
1335570013034
1335560013033
1335550013036
1335540013035
3323580215014
3323590215015
1335530313037
1335520313034
1335510313039
1335500313036
1335570313031
1335560313038
1335550313033
1335540313030
3323580115017
3323590115016
1335530213038
1335520213031
1335510213030
1335500213033
1335570213032
1335560213035
1335550213034
1335540213037
3323580015014
3323590015015
1335530513035
1335520513036
1335510513035
1335500513030
1335570513039
1335560513030
1335550513039
1335540513034
3323580715017
3323590715010
1335530413036
1335520413033
1335510413036
1335500413037
1335570413030
1335560413037
1335550413030
1335540413031
3323580615018
3323590615019
1335530713033
1335520713038
1335510713033
1335500713032
1335570713037
1335560713032
1335550713037
1335540713036
3323580515011
3323590515010
1335530613034
1335520613035
1335510613034
1335500613039
1335570613038
1335560613039
1335550613038
1335540613033
3323580415018
3323590415019
1235530113038
1235520113037
1235510113036
1235500113035
1235570113032
1235560113031
1235550113030
1235540113039
3223580315016
3223590315019
1235530013035
1235520013038
1235510013033
1235500013036
1235570013039
1235560013032
1235550013037
1235540013030
3223580215015
3223590215010
1235530313030
1235520313035
1235510313038
1235500313033
1235570313034
1235560313039
1235550313032
1235540313037
3223580115012
3223590115013
1235530213037
1235520213036
1235510213035
1235500213034
1235570213031
1235560213030
1235550213039
1235540213038
3223580015011
3223590015010
1235530513032
1235520513031
1235510513032
1235500513031
1235570513036
1235560513035
1235550513036
1235540513035
3223580715012
3223590715013
1235530413039
1235520413032
1235510413039
1235500413032
1235570413033
1235560413036
1235550413033
1235540413036
3223580615011
3223590615014
1235530713034
1235520713039
1235510713034
1235500713039
1235570713038
1235560713033
1235550713038
1235540713033
3223580515018
3223590515017
1235530613031
1235520613030
1235510613031
1235500613030
1235570613035
1235560613034
1235550613035
1235540613034
3223580415017
3223590415014
1535530113039
1535520113032
1535510113031
1535500113034
1535570113035
1535560113038
1535550113037
1535540113030
3523580315013
3523590315016
1535530013030
1535520013039
1535510013032
1535500013031
1535570013036
1535560013035
1535550013038
1535540013037
3523580215010
3523590215015
1535530313037
1535520313034
1535510313039
1535500313036
1535570313033
1535560313030
1535550313035
1535540313032
3523580115013
3523590115012
1535530213038
1535520213031
1535510213030
1535500213033
1535570213034
1535560213037
1535550213036
1535540213039
3523580015014
3523590015011
1535530513033
1535520513038
1535510513037
1535500513038
1535570513039
1535560513034
1535550513033
1535540513034
3523580715019
3523590715012
1535530413034
1535520413035
1535510413038
1535500413035
1535570413030
1535560413031
1535550413034
1535540413031
3523580615016
3523590615011
1535530713031
1535520713030
1535510713035
1535500713030
1535570713037
1535560713036
1535550713031
1535540713036
3523580515019
3523590515018
1535530613032
1535520613037
1535510613036
1535500613037
1535570613038
1535560613033
1535550613032
1535540613033
3523580415010
3523590415017
1435530113038
1435520113037
1435510113036
1435500113035
1435570113034
1435560113033
1435550113032
1435540113031
3423580315018
3423590315015
1435530013035
1435520013038
1435510013033
1435500013036
1435570013031
1435560013034
1435550013039
1435540013032
3423580215017
3423590215012
1435530313030
1435520313035
1435510313038
1435500313033
1435570313036
1435560313031
1435550313034
1435540313039
3423580115018
3423590115015
1435530213037
1435520213036
1435510213035
1435500213034
1435570213033
1435560213032
1435550213031
1435540213030
3423580015017
3423590015016
1435530513034
1435520513033
1435510513030
1435500513039
1435570513030
1435560513039
1435550513036
1435540513035
3423580715012
3423590715011
1435530413031
1435520413034
1435510413037
1435500413030
1435570413037
1435560413030
1435550413033
1435540413036
3423580615011
3423590615018
1435530713036
1435520713031
1435510713032
1435500713037
1435570713032
1435560713037
1435550713038
1435540713033
3423580515012
3423590515011
1435530613033
1435520613032
1435510613039
1435500613038
1435570613039
1435560613038
1435550613035
1435540613034
3423580415011
3423590415012
1735530113033
1735520113036
1735510113035
1735500113038
1735570113037
1735560113030
1735550113039
1735540113032
3723580315015
3723590315018
1735530013034
1735520013033
1735510013036
1735500013035
1735570013038
1735560013037
1735550013030
1735540013039
3723580215016
3723590215017
1735530313031
1735520313038
1735510313033
1735500313030
1735570313035
1735560313032
1735550313037
1735540313034
3723580115019
3723590115018
1735530213032
1735520213035
1735510213034
1735500213037
1735570213036
1735560213039
1735550213038
1735540213031
3723580015016
3723590015017
1735530513039
1735520513030
1735510513039
1735500513034
1735570513033
1735560513034
1735550513033
1735540513038
3723580715019
3723590715012
1735530413030
1735520413037
1735510413030
1735500413031
1735570413034
1735560413031
1735550413034
1735540413035
3723580615010
3723590615011
1735530713037
1735520713032
1735510713037
1735500713036
1735570713031
1735560713036
1735550713031
1735540713030
3723580515013
3723590515012
1735530613038
1735520613039
1735510613038
1735500613033
1735570613032
1735560613033
1735550613032
1735540613037
3723580415010
3723590415011
1635530113032
1635520113031
1635510113030
1635500113039
1635570113036
1635560113035
1635550113034
1635540113033
3623580315016
3623590315019
1635530013039
1635520013032
1635510013037
1635500013030
1635570013033
1635560013036
1635550013031
1635540013034
3623580215015
3623590215010
1635530313034
1635520313039
1635510313032
1635500313037
1635570313038
1635560313033
1635550313036
1635540313031
3623580115012
3623590115013
1635530213031
1635520213030
1635510213039
1635500213038
1635570213035
1635560213034
1635550213033
1635540213032
3623580015011
3623590015010
1635530513036
1635520513035
1635510513036
1635500513035
1635570513030
1635560513039
1635550513030
1635540513039
3623580715012
3623590715013
1635530413033
1635520413036
1635510413033
1635500413036
1635570413037
1635560413030
1635550413037
1635540413030
3623580615011
3623590615014
1635530713038
1635520713033
1635510713038
1635500713033
1635570713032
1635560713037
1635550713032
1635540713037
3623580515018
3623590515017
1635530613035
1635520613034
1635510613035
1635500613034
1635570613039
1635560613038
1635550613039
1635540613038
3623580415017
3623590415014
1135530113024
1135520113027
1135510113026
1135500113029
1135570113020
1135560113023
1135550113022
1135540113025
3123580315000
3123590315003
1135530013025
1135520013024
1135510013027
1135500013026
1135570013021
1135560013020
1135550013023
1135540013022
3123580215007
3123590215002
1135530313022
1135520313029
1135510313024
1135500313021
1135570313028
1135560313025
1135550313020
1135540313027
3123580115000
3123590115009
1135530213023
1135520213026
1135510213025
1135500213028
1135570213029
1135560213022
1135550213021
1135540213024
3123580015001
3123590015008
1135530513028
1135520513023
1135510513022
1135500513023
1135570513024
1135560513029
1135550513028
1135540513029
3123580715006
3123590715009
1135530413029
1135520413020
1135510413023
1135500413020
1135570413025
1135560413026
1135550413029
1135540413026
3123580615003
3123590615008
1135530713026
1135520713025
1135510713020
1135500713025
1135570713022
1135560713021
1135550713026
1135540713021
3123580515006
3123590515005
1135530613027
1135520613022
1135510613021
1135500613022
1135570613023
1135560613028
1135550613027
1135540613028
3123580415007
3123590415004
1035530113023
1035520113022
1035510113021
1035500113020
1035570113029
1035560113028
1035550113027
1035540113026
3023580315005
3023590315002
1035530013020
1035520013023
1035510013028
1035500013021
1035570013026
1035560013029
1035550013024
1035540013027
3023580215004
3023590215009
1035530313025
1035520313020
1035510313023
1035500313028
1035570313021
1035560313026
1035550313029
1035540313024
3023580115005
3023590115002
1035530213022
1035520213021
1035510213020
1035500213029
1035570213028
1035560213027
1035550213026
1035540213025
3023580015004
3023590015003
1035530513029
1035520513028
1035510513025
1035500513024
1035570513025
1035560513024
1035550513021
1035540513020
3023580715009
3023590715008
1035530413026
1035520413029
1035510413022
1035500413025
1035570413022
1035560413025
1035550413028
1035540413021
3023580615008
3023590615005
1035530713021
1035520713026
1035510713027
1035500713022
1035570713027
1035560713022
1035550713023
1035540713028
3023580515009
3023590515008
1035530613028
1035520613027
1035510613024
1035500613023
1035570613024
1035560613023
1035550613020
1035540613029
3023580415008
3023590415009
1335530113028
1335520113021
1335510113020
1335500113023
1335570113022
1335560113025
1335550113024
1335540113027
3323580315002
3323590315005
1335530013029
1335520013028
1335510013021
1335500013020
1335570013023
1335560013022
1335550013025
1335540013024
3323580215003
3323590215004
1335530313026
1335520313023
1335510313028
1335500313025
1335570313020
1335560313027
1335550313022
1335540313029
3323580115006
3323590115005
1335530213027
1335520213020
1335510213029
1335500213022
1335570213021
1335560213024
1335550213023
1335540213026
3323580015003
3323590015004
1335530513024
1335520513025
1335510513024
1335500513029
1335570513028
1335560513029
1335550513028
1335540513023
3323580715006
3323590715009
1335530413025
1335520413022
1335510413025
1335500413026
1335570413029
1335560413026
1335550413029
1335540413020
3323580615007
3323590615008
1335530713022
1335520713027
1335510713022
1335500713021
1335570713026
1335560713021
1335550713026
1335540713025
3323580515000
3323590515009
1335530613023
1335520613024
1335510613023
1335500613028
1335570613027
1335560613028
1335550613027
1335540613022
3323580415007
3323590415008
1235530113027
1235520113026
1235510113025
1235500113024
1235570113021
1235560113020
1235550113029
1235540113028
3223580315005
3223590315008
1235530013024
1235520013027
1235510013022
1235500013025
1235570013028
1235560013021
1235550013026
1235540013029
3223580215004
3223590215009
1235530313029
1235520313024
1235510313027
1235500313022
1235570313023
1235560313028
1235550313021
1235540313026
3223580115001
3223590115002
1235530213026
1235520213025
1235510213024
1235500213023
1235570213020
1235560213029
1235550213028
1235540213027
3223580015000
3223590015009
1235530513021
1235520513020
1235510513021
1235500513020
1235570513025
1235560513024
1235550513025
1235540513024
3223580715001
3223590715002
1235530413028
1235520413021
1235510413028
1235500413021
1235570413022
1235560413025
1235550413022
1235540413025
3223580615000
3223590615003
1235530713023
1235520713028
1235510713023
1235500713028
1235570713027
1235560713022
1235550713027
1235540713022
3223580515007
3223590515006
1235530613020
1235520613029
1235510613020
1235500613029
1235570613024
1235560613023
1235550613024
1235540613023
3223580415006
3223590415003
1535530113028
1535520113021
1535510113020
1535500113023
1535570113024
1535560113027
1535550113026
1535540113029
3523580315002
3523590315005
1535530013029
1535520013028
1535510013021
1535500013020
1535570013025
1535560013024
1535550013027
1535540013026
3523580215009
3523590215004
1535530313026
1535520313023
1535510313028
1535500313025
1535570313022
1535560313029
1535550313024
1535540313021
3523580115002
3523590115001
1535530213027
1535520213020
1535510213029
1535500213022
1535570213023
1535560213026
1535550213025
1535540213028
3523580015003
3523590015000
1535530513022
1535520513027
1535510513026
1535500513027
1535570513028
1535560513023
1535550513022
1535540513023
3523580715008
3523590715001
1535530413023
1535520413024
1535510413027
1535500413024
1535570413029
1535560413020
1535550413023
1535540413020
3523580615005
3523590615000
1535530713020
1535520713029
1535510713024
1535500713029
1535570713026
1535560713025
1535550713020
1535540713025
3523580515008
3523590515007
1535530613021
1535520613026
1535510613025
1535500613026
1535570613027
1535560613022
1535550613021
1535540613022
3523580415009
3523590415006
1435530113027
1435520113026
1435510113025
1435500113024
1435570113023
1435560113022
1435550113021
1435540113020
3423580315007
3423590315004
1435530013024
1435520013027
1435510013022
1435500013025
1435570013020
1435560013023
1435550013028
1435540013021
3423580215006
3423590215001
1435530313029
1435520313024
1435510313027
1435500313022
1435570313025
1435560313020
1435550313023
1435540313028
3423580115007
3423590115004
1435530213026
1435520213025
1435510213024
1435500213023
1435570213022
1435560213021
1435550213020
1435540213029
3423580015006
3423590015005
1435530513023
1435520513022
1435510513029
1435500513028
1435570513029
1435560513028
1435550513025
1435540513024
3423580715001
3423590715000
1435530413020
1435520413023
1435510413026
1435500413029
1435570413026
1435560413029
1435550413022
1435540413025
3423580615000
3423590615007
1435530713025
1435520713020
1435510713021
1435500713026
1435570713021
1435560713026
1435550713027
1435540713022
3423580515001
3423590515000
1435530613022
1435520613021
1435510613028
1435500613027
1435570613028
1435560613027
1435550613024
1435540613023
3423580415000
3423590415001
1735530113022
1735520113025
1735510113024
1735500113027
1735570113026
1735560113029
1735550113028
1735540113021
3723580315004
3723590315007
1735530013023
1735520013022
1735510013025
1735500013024
1735570013027
1735560013026
1735550013029
1735540013028
3723580215005
3723590215006
1735530313020
1735520313027
1735510313022
1735500313029
1735570313024
1735560313021
1735550313026
1735540313023
3723580115008
3723590115007
1735530213021
1735520213024
1735510213023
1735500213026
1735570213025
1735560213028
1735550213027
1735540213020
3723580015005
3723590015006
1735530513028
1735520513029
1735510513028
1735500513023
1735570513022
1735560513023
1735550513022
1735540513027
3723580715008
3723590715001
1735530413029
1735520413026
1735510413029
1735500413020
1735570413023
1735560413020
1735550413023
1735540413024
3723580615009
3723590615000
1735530713026
1735520713021
1735510713026
1735500713025
1735570713020
1735560713025
1735550713020
1735540713029
3723580515002
3723590515001
1735530613027
1735520613028
1735510613027
1735500613022
1735570613021
1735560613022
1735550613021
1735540613026
3723580415009
3723590415000
1635530113021
1635520113020
1635510113029
1635500113028
1635570113025
1635560113024
1635550113023
1635540113022
3623580315005
3623590315008
1635530013028
1635520013021
1635510013026
1635500013029
1635570013022
1635560013025
1635550013020
1635540013023
3623580215004
3623590215009
1635530313023
1635520313028
1635510313021
1635500313026
1635570313027
1635560313022
1635550313025
1635540313020
3623580115001
3623590115002
1635530213020
1635520213029
1635510213028
1635500213027
1635570213024
1635560213023
1635550213022
1635540213021
3623580015000
3623590015009
1635530513025
1635520513024
1635510513025
1635500513024
1635570513029
1635560513028
1635550513029
1635540513028
3623580715001
3623590715002
1635530413022
1635520413025
1635510413022
1635500413025
1635570413026
1635560413029
1635550413026
1635540413029
3623580615000
3623590615003
1635530713027
1635520713022
1635510713027
1635500713022
1635570713021
1635560713026
1635550713021
1635540713026
3623580515007
3623590515006
1635530613024
1635520613023
1635510613024
1635500613023
1635570613028
1635560613027
1635550613028
1635540613027
3623580415006
3623590415003
1135530113013
1135520113010
1135510113015
1135500113012
1135570113019
1135560113016
1135550113011
1135540113018
3123580315033
3123590315032
1135530013018
1135520013013
1135510013010
1135500013015
1135570013014
1135560013019
1135550013016
1135540013011
3123580215036
3123590215035
1135530313011
1135520313012
1135510313013
1135500313014
1135570313017
1135560313018
1135550313019
1135540313010
3123580115033
3123590115038
1135530213016
1135520213015
1135510213018
1135500213017
1135570213012
1135560213011
1135550213014
1135540213013
3123580015030
3123590015031
1135530513017
1135520513016
1135510513011
1135500513016
1135570513013
1135560513012
1135550513017
1135540513012
3123580715039
3123590715038
1135530413012
1135520413019
1135510413016
1135500413019
1135570413018
1135560413015
1135550413012
1135540413015
3123580615032
3123590615031
1135530713015
1135520713018
1135510713019
1135500713018
1135570713011
1135560713014
1135550713015
1135540713014
3123580515039
3123590515034
1135530613010
1135520613011
1135510613014
1135500613011
1135570613016
1135560613017
1135550613010
1135540613017
3123580415036
3123590415037
1035530113016
1035520113011
1035510113014
1035500113019
1035570113012
1035560113017
1035550113010
1035540113015
3023580315034
3023590315035
1035530013019
1035520013016
1035510013017
1035500013014
1035570013015
1035560013012
1035550013013
1035540013010
3023580215037
3023590215038
1035530313018
1035520313019
1035510313016
1035500313017
1035570313014
1035560313015
1035550313012
1035540313013
3023580115034
3023590115035
1035530213011
1035520213014
1035510213019
1035500213012
1035570213017
1035560213010
1035550213015
1035540213018
3023580015037
3023590015032
1035530513012
1035520513017
1035510513018
1035500513013
1035570513018
1035560513013
1035550513014
1035540513019
3023580715038
3023590715031
1035530413015
1035520413012
1035510413011
1035500413018
1035570413011
1035560413018
1035550413017
1035540413014
3023580615031
3023590615034
1035530713014
1035520713015
1035510713010
1035500713011
1035570713010
1035560713011
1035550713016
1035540713017
3023580515038
3023590515031
1035530613017
1035520613010
1035510613013
1035500613016
1035570613013
1035560613016
1035550613019
1035540613012
3023580415031
3023590415038
1335530113017
1335520113014
1335510113019
1335500113016
1335570113011
1335560113018
1335550113013
1335540113010
3323580315035
3323590315034
1335530013012
1335520013017
1335510013014
1335500013019
1335570013016
1335560013011
1335550013018
1335540013013
3323580215032
3323590215037
1335530313015
1335520313016
1335510313017
1335500313018
1335570313019
1335560313010
1335550313011
1335540313012
3323580115039
3323590115034
1335530213010
1335520213019
1335510213012
1335500213011
1335570213014
1335560213013
1335550213016
1335540213015
3323580015032
3323590015037
1335530513013
1335520513018
1335510513013
1335500513012
1335570513017
1335560513012
1335550513017
1335540513016
3323580715039
3323590715038
1335530413018
1335520413011
1335510413018
1335500413015
1335570413012
1335560413015
1335550413012
1335540413019
3323580615036
3323590615031
1335530713011
1335520713010
1335510713011
1335500713014
1335570713015
1335560713014
1335550713015
1335540713018
3323580515033
3323590515038
1335530613016
1335520613013
1335510613016
1335500613017
1335570613010
1335560613017
1335550613010
1335540613011
3323580415036
3323590415031
1235530113010
1235520113015
1235510113018
1235500113013
1235570113014
1235560113019
1235550113012
1235540113017
3223580315034
3223590315031
1235530013013
1235520013010
1235510013011
1235500013018
1235570013017
1235560013014
1235550013015
1235540013012
3223580215037
3223590215038
1235530313012
1235520313013
1235510313010
1235500313011
1235570313016
1235560313017
1235550313014
1235540313015
3223580115030
3223590115035
1235530213015
1235520213018
1235510213013
1235500213016
1235570213019
1235560213012
1235550213017
1235540213010
3223580015033
3223590015038
1235530513014
1235520513019
1235510513014
1235500513019
1235570513018
1235560513013
1235550513018
1235540513013
3223580715030
3223590715035
1235530413017
1235520413014
1235510413017
1235500413014
1235570413011
1235560413018
1235550413011
1235540413018
3223580615033
3223590615032
1235530713016
1235520713017
1235510713016
1235500713017
1235570713010
1235560713011
1235550713010
1235540713011
3223580515036
3223590515039
1235530613019
1235520613012
1235510613019
1235500613012
1235570613013
1235560613016
1235550613013
1235540613016
3223580415039
3223590415032
1535530113017
1535520113014
1535510113019
1535500113016
1535570113013
1535560113010
1535550113015
1535540113012
3523580315035
3523590315034
1535530013012
1535520013017
1535510013014
1535500013019
1535570013018
1535560013013
1535550013010
1535540013015
3523580215038
3523590215037
1535530313015
1535520313016
1535510313017
1535500313018
1535570313011
1535560313012
1535550313013
1535540313014
3523580115035
3523590115030
1535530213010
1535520213019
1535510213012
1535500213011
1535570213016
1535560213015
1535550213018
1535540213017
3523580015032
3523590015033
1535530513011
1535520513010
1535510513015
1535500513010
1535570513017
1535560513016
1535550513011
1535540513016
3523580715031
3523590715030
1535530413016
1535520413013
1535510413010
1535500413013
1535570413012
1535560413019
1535550413016
1535540413019
3523580615034
3523590615033
1535530713019
1535520713012
1535510713013
1535500713012
1535570713015
1535560713018
1535550713019
1535540713018
3523580515031
3523590515036
1535530613014
1535520613015
1535510613018
1535500613015
1535570613010
1535560613011
1535550613014
1535540613011
3523580415038
3523590415039
1435530113010
1435520113015
1435510113018
1435500113013
1435570113016
1435560113011
1435550113014
1435540113019
3423580315036
3423590315037
1435530013013
1435520013010
1435510013011
1435500013018
1435570013019
1435560013016
1435550013017
1435540013014
3423580215039
3423590215030
1435530313012
1435520313013
1435510313010
1435500313011
1435570313018
1435560313019
1435550313016
1435540313017
3423580115036
3423590115037
1435530213015
1435520213018
1435510213013
1435500213016
1435570213011
1435560213014
1435550213019
1435540213012
3423580015039
3423590015034
1435530513016
1435520513011
1435510513012
1435500513017
1435570513012
1435560513017
1435550513018
1435540513013
3423580715030
3423590715033
1435530413019
1435520413016
1435510413015
1435500413012
1435570413015
1435560413012
1435550413011
1435540413018
3423580615033
3423590615036
1435530713018
1435520713019
1435510713014
1435500713015
1435570713014
1435560713015
1435550713010
1435540713011
3423580515030
3423590515033
1435530613011
1435520613014
1435510613017
1435500613010
1435570613017
1435560613010
1435550613013
1435540613016
3423580415033
3423590415030
1735530113011
1735520113018
1735510113013
1735500113010
1735570113015
1735560113012
1735550113017
1735540113014
3723580315037
3723590315036
1735530013016
1735520013011
1735510013018
1735500013013
1735570013010
1735560013015
1735550013012
1735540013017
3723580215034
3723590215039
1735530313019
1735520313010
1735510313011
1735500313012
1735570313013
1735560313014
1735550313015
1735540313016
3723580115031
3723590115036
1735530213014
1735520213013
1735510213016
1735500213015
1735570213018
1735560213017
1735550213010
1735540213019
3723580015034
3723590015039
1735530513017
1735520513012
1735510513017
1735500513016
1735570513011
1735560513016
1735550513011
1735540513010
3723580715031
3723590715030
1735530413012
1735520413015
1735510413012
1735500413019
1735570413016
1735560413019
1735550413016
1735540413013
3723580615038
3723590615033
1735530713015
1735520713014
1735510713015
1735500713018
1735570713019
1735560713018
1735550713019
1735540713012
3723580515035
3723590515030
1735530613010
1735520613017
1735510613010
1735500613011
1735570613014
1735560613011
1735550613014
1735540613015
3723580415038
3723590415033
1635530113014
1635520113019
1635510113012
1635500113017
1635570113018
1635560113013
1635550113016
1635540113011
3623580315034
3623590315031
1635530013017
1635520013014
1635510013015
1635500013012
1635570013011
1635560013018
1635550013019
1635540013016
3623580215037
3623590215038
1635530313016
1635520313017
1635510313014
1635500313015
1635570313010
1635560313011
1635550313018
1635540313019
3623580115030
3623590115035
1635530213019
1635520213012
1635510213017
1635500213010
1635570213013
1635560213016
1635550213011
1635540213014
3623580015033
3623590015038
1635530513018
1635520513013
1635510513018
1635500513013
1635570513012
1635560513017
1635550513012
1635540513017
3623580715030
3623590715035
1635530413011
1635520413018
1635510413011
1635500413018
1635570413015
1635560413012
1635550413015
1635540413012
3623580615033
3623590615032
1635530713010
1635520713011
1635510713010
1635500713011
1635570713014
1635560713015
1635550713014
1635540713015
3623580515036
3623590515039
1635530613013
1635520613016
1635510613013
1635500613016
1635570613017
1635560613010
1635550613017
1635540613010
3623580415039
3623590415032
1135530113002
1135520113009
1135510113004
1135500113001
1135570113008
1135560113005
1135550113000
1135540113007
3123580315022
3123590315021
1135530013007
1135520013002
1135510013009
1135500013004
1135570013003
1135560013008
1135550013005
1135540013000
3123580215025
3123590215024
1135530313000
1135520313001
1135510313002
1135500313003
1135570313006
1135560313007
1135550313008
1135540313009
3123580115022
3123590115027
1135530213005
1135520213004
1135510213007
1135500213006
1135570213001
1135560213000
1135550213003
1135540213002
3123580015029
3123590015020
1135530513006
1135520513005
1135510513000
1135500513005
1135570513002
1135560513001
1135550513006
1135540513001
3123580715028
3123590715027
1135530413001
1135520413008
1135510413005
1135500413008
1135570413007
1135560413004
1135550413001
1135540413004
3123580615021
3123590615020
1135530713004
1135520713007
1135510713008
1135500713007
1135570713000
1135560713003
1135550713004
1135540713003
3123580515028
3123590515023
1135530613009
1135520613000
1135510613003
1135500613000
1135570613005
1135560613006
1135550613009
1135540613006
3123580415025
3123590415026
1035530113005
1035520113000
1035510113003
1035500113008
1035570113001
1035560113006
1035550113009
1035540113004
3023580315023
3023590315024
1035530013008
1035520013005
1035510013006
1035500013003
1035570013004
1035560013001
1035550013002
1035540013009
3023580215026
3023590215027
1035530313007
1035520313008
1035510313005
1035500313006
1035570313003
1035560313004
1035550313001
1035540313002
3023580115023
3023590115024
1035530213000
1035520213003
1035510213008
1035500213001
1035570213006
1035560213009
1035550213004
1035540213007
3023580015026
3023590015021
1035530513001
1035520513006
1035510513007
1035500513002
1035570513007
1035560513002
1035550513003
1035540513008
3023580715027
3023590715020
1035530413004
1035520413001
1035510413000
1035500413007
1035570413000
1035560413007
1035550413006
1035540413003
3023580615020
3023590615023
1035530713003
1035520713004
1035510713009
1035500713000
1035570713009
1035560713000
1035550713005
1035540713006
3023580515027
3023590515020
1035530613006
1035520613009
1035510613002
1035500613005
1035570613002
1035560613005
1035550613008
1035540613001
3023580415020
3023590415027
1335530113006
1335520113003
1335510113008
1335500113005
1335570113000
1335560113007
1335550113002
1335540113009
3323580315024
3323590315023
1335530013001
1335520013006
1335510013003
1335500013008
1335570013005
1335560013000
1335550013007
1335540013002
3323580215021
3323590215026
1335530313004
1335520313005
1335510313006
1335500313007
1335570313008
1335560313009
1335550313000
1335540313001
3323580115028
3323590115023
1335530213009
1335520213008
1335510213001
1335500213000
1335570213003
1335560213002
1335550213005
1335540213004
3323580015021
3323590015026
1335530513002
1335520513007
1335510513002
1335500513001
1335570513006
1335560513001
1335550513006
1335540513005
3323580715028
3323590715027
1335530413007
1335520413000
1335510413007
1335500413004
1335570413001
1335560413004
1335550413001
1335540413008
3323580615025
3323590615020
1335530713000
1335520713009
1335510713000
1335500713003
1335570713004
1335560713003
1335550713004
1335540713007
3323580515022
3323590515027
1335530613005
1335520613002
1335510613005
1335500613006
1335570613009
1335560613006
1335550613009
1335540613000
3323580415025
3323590415020
1235530113009
1235520113004
1235510113007
1235500113002
1235570113003
1235560113008
1235550113001
1235540113006
3223580315023
3223590315020
1235530013002
1235520013009
1235510013000
1235500013007
1235570013006
1235560013003
1235550013004
1235540013001
3223580215026
3223590215027
1235530313001
1235520313002
1235510313009
1235500313000
1235570313005
1235560313006
1235550313003
1235540313004
3223580115029
3223590115024
1235530213004
1235520213007
1235510213002
1235500213005
1235570213008
1235560213001
1235550213006
1235540213009
3223580015022
3223590015027
1235530513003
1235520513008
1235510513003
1235500513008
1235570513007
1235560513002
1235550513007
1235540513002
3223580715029
3223590715024
1235530413006
1235520413003
1235510413006
1235500413003
1235570413000
1235560413007
1235550413000
1235540413007
3223580615022
3223590615021
1235530713005
1235520713006
1235510713005
1235500713006
1235570713009
1235560713000
1235550713009
1235540713000
3223580515025
3223590515028
1235530613008
1235520613001
1235510613008
1235500613001
1235570613002
1235560613005
1235550613002
1235540613005
3223580415028
3223590415021
1535530113006
1535520113003
1535510113008
1535500113005
1535570113002
1535560113009
1535550113004
1535540113001
3523580315024
3523590315023
1535530013001
1535520013006
1535510013003
1535500013008
1535570013007
1535560013002
1535550013009
1535540013004
3523580215027
3523590215026
1535530313004
1535520313005
1535510313006
1535500313007
1535570313000
1535560313001
1535550313002
1535540313003
3523580115024
3523590115029
1535530213009
1535520213008
1535510213001
1535500213000
1535570213005
1535560213004
1535550213007
1535540213006
3523580015021
3523590015022
1535530513000
1535520513009
1535510513004
1535500513009
1535570513006
1535560513005
1535550513000
1535540513005
3523580715020
3523590715029
1535530413005
1535520413002
1535510413009
1535500413002
1535570413001
1535560413008
1535550413005
1535540413008
3523580615023
3523590615022
1535530713008
1535520713001
1535510713002
1535500713001
1535570713004
1535560713007
1535550713008
1535540713007
3523580515020
3523590515025
1535530613003
1535520613004
1535510613007
1535500613004
1535570613009
1535560613000
1535550613003
1535540613000
3523580415027
3523590415028
1435530113009
1435520113004
1435510113007
1435500113002
1435570113005
1435560113000
1435550113003
1435540113008
3423580315025
3423590315026
1435530013002
1435520013009
1435510013000
1435500013007
1435570013008
1435560013005
1435550013006
1435540013003
3423580215028
3423590215029
1435530313001
1435520313002
1435510313009
1435500313000
1435570313007
1435560313008
1435550313005
1435540313006
3423580115025
3423590115026
1435530213004
1435520213007
1435510213002
1435500213005
1435570213000
1435560213003
1435550213008
1435540213001
3423580015028
3423590015023
1435530513005
1435520513000
1435510513001
1435500513006
1435570513001
1435560513006
1435550513007
1435540513002
3423580715029
3423590715022
1435530413008
1435520413005
1435510413004
1435500413001
1435570413004
1435560413001
1435550413000
1435540413007
3423580615022
3423590615025
1435530713007
1435520713008
1435510713003
1435500713004
1435570713003
1435560713004
1435550713009
1435540713000
3423580515029
3423590515022
1435530613000
1435520613003
1435510613006
1435500613009
1435570613006
1435560613009
1435550613002
1435540613005
3423580415022
3423590415029
1735530113000
1735520113007
1735510113002
1735500113009
1735570113004
1735560113001
1735550113006
1735540113003
3723580315026
3723590315025
1735530013005
1735520013000
1735510013007
1735500013002
1735570013009
1735560013004
1735550013001
1735540013006
3723580215023
3723590215028
1735530313008
1735520313009
1735510313000
1735500313001
1735570313002
1735560313003
1735550313004
1735540313005
3723580115020
3723590115025
1735530213003
1735520213002
1735510213005
1735500213004
1735570213007
1735560213006
1735550213009
1735540213008
3723580015023
3723590015028
1735530513006
1735520513001
1735510513006
1735500513005
1735570513000
1735560513005
1735550513000
1735540513009
3723580715020
3723590715029
1735530413001
1735520413004
1735510413001
1735500413008
1735570413005
1735560413008
1735550413005
1735540413002
3723580615027
3723590615022
1735530713004
1735520713003
1735510713004
1735500713007
1735570713008
1735560713007
1735550713008
1735540713001
3723580515024
3723590515029
1735530613009
1735520613006
1735510613009
1735500613000
1735570613003
1735560613000
1735550613003
1735540613004
3723580415027
3723590415022
1635530113003
1635520113008
1635510113001
1635500113006
1635570113007
1635560113002
1635550113005
1635540113000
3623580315023
3623590315020
1635530013006
1635520013003
1635510013004
1635500013001
1635570013000
1635560013007
1635550013008
1635540013005
3623580215026
3623590215027
1635530313005
1635520313006
1635510313003
1635500313004
1635570313009
1635560313000
1635550313007
1635540313008
3623580115029
3623590115024
1635530213008
1635520213001
1635510213006
1635500213009
1635570213002
1635560213005
1635550213000
1635540213003
3623580015022
3623590015027
1635530513007
1635520513002
1635510513007
1635500513002
1635570513001
1635560513006
1635550513001
1635540513006
3623580715029
3623590715024
1635530413000
1635520413007
1635510413000
1635500413007
1635570413004
1635560413001
1635550413004
1635540413001
3623580615022
3623590615021
1635530713009
1635520713000
1635510713009
1635500713000
1635570713003
1635560713004
1635550713003
1635540713004
3623580515025
3623590515028
1635530613002
1635520613005
1635510613002
1635500613005
1635570613006
1635560613009
1635550613006
1635540613009
3623580415028
3623590415021
1135530113071
1135520113074
1135510113071
1135500113074
1135570113077
1135560113070
1135550113077
1135540113070
3123580315055
3123590315050
1135530013072
1135520013079
1135510013072
1135500013073
1135570013078
1135560013075
1135550013078
1135540013079
3123580215052
3123590215057
1135530313077
1135520313074
1135510313071
1135500313078
1135570313073
1135560313070
1135550313077
1135540313074
3123580115057
3123590115054
1135530213078
1135520213073
1135510213072
1135500213073
1135570213074
1135560213079
1135550213078
1135540213079
3123580015058
3123590015055
1135530513075
1135520513070
1135510513077
1135500513078
1135570513071
1135560513076
1135550513073
1135540513074
3123580715051
3123590715056
1135530413076
1135520413075
1135510413078
1135500413077
1135570413072
1135560413071
1135550413074
1135540413073
3123580615058
3123590615053
1135530713071
1135520713070
1135510713077
1135500713072
1135570713077
1135560713076
1135550713073
1135540713078
3123580515053
3123590515050
1135530613072
1135520613079
1135510613078
1135500613077
1135570613078
1135560613075
1135550613074
1135540613073
3123580415054
3123590415051
1035530113070
1035520113077
1035510113076
1035500113077
1035570113076
1035560113073
1035550113072
1035540113073
3023580315050
3023590315057
1035530013075
1035520013078
1035510013075
1035500013078
1035570013071
1035560013074
1035550013071
1035540013074
3023580215051
3023590215054
1035530313070
1035520313077
1035510313070
1035500313073
1035570313076
1035560313073
1035550313076
1035540313079
3023580115052
3023590115059
1035530213079
1035520213078
1035510213075
1035500213074
1035570213075
1035560213074
1035550213071
1035540213070
3023580015059
3023590015050
1035530513076
1035520513073
1035510513070
1035500513071
1035570513072
1035560513079
1035550513076
1035540513077
3023580715054
3023590715053
1035530413071
1035520413074
1035510413079
1035500413072
1035570413077
1035560413070
1035550413075
1035540413078
3023580615055
3023590615050
1035530713076
1035520713073
1035510713074
1035500713077
1035570713072
1035560713079
1035550713070
1035540713073
3023580515056
3023590515055
1035530613075
1035520613074
1035510613079
1035500613078
1035570613071
1035560613070
1035550613075
1035540613074
3023580415053
3023590415056
1335530113073
1335520113076
1335510113077
1335500113070
1335570113077
1335560113070
1335550113071
1335540113074
3323580315059
3323590315050
1335530013074
1335520013075
1335510013078
1335500013075
1335570013078
1335560013079
1335550013072
1335540013079
3323580215050
3323590215051
1335530313073
1335520313070
1335510313073
1335500313070
1335570313077
1335560313074
1335550313077
1335540313074
3323580115051
3323590115052
1335530213074
1335520213075
1335510213074
1335500213079
1335570213078
1335560213079
1335550213078
1335540213073
3323580015058
3323590015059
1335530513079
1335520513070
1335510513071
1335500513076
1335570513073
1335560513074
1335550513075
1335540513070
3323580715053
3323590715054
1335530413070
1335520413079
1335510413072
1335500413071
1335570413074
1335560413073
1335550413076
1335540413075
3323580615054
3323590615055
1335530713079
1335520713074
1335510713077
1335500713076
1335570713073
1335560713078
1335550713071
1335540713070
3323580515055
3323590515056
1335530613070
1335520613079
1335510613078
1335500613075
1335570613074
1335560613073
1335550613072
1335540613079
3323580415052
3323590415053
1235530113072
1235520113073
1235510113072
1235500113079
1235570113076
1235560113077
1235550113076
1235540113073
3223580315052
3223590315055
1235530013071
1235520013074
1235510013077
1235500013070
1235570013075
1235560013078
1235550013071
1235540013074
3223580215059
3223590215056
1235530313076
1235520313079
1235510313072
1235500313079
1235570313070
1235560313073
1235550313076
1235540313073
3223580115056
3223590115057
1235530213071
1235520213070
1235510213071
1235500213070
1235570213075
1235560213074
1235550213075
1235540213074
3223580015057
3223590015054
1235530513076
1235520513077
1235510513078
1235500513075
1235570513070
1235560513071
1235550513072
1235540513079
3223580715058
3223590715059
1235530413075
1235520413078
1235510413073
1235500413076
1235570413079
1235560413072
1235550413077
1235540413070
3223580615055
3223590615050
1235530713070
1235520713073
1235510713078
1235500713075
1235570713074
1235560713077
1235550713072
1235540713079
3223580515052
3223590515051
1235530613075
1235520613074
1235510613077
1235500613076
1235570613079
1235560613078
1235550613071
1235540613070
3223580415053
3223590415058
1535530113075
1535520113078
1535510113075
1535500113078
1535570113071
1535560113074
1535550113071
1535540113074
3523580315057
3523590315052
1535530013076
1535520013073
1535510013076
1535500013077
1535570013072
1535560013079
1535550013072
1535540013073
3523580215054
3523590215059
1535530313071
1535520313078
1535510313075
1535500313072
1535570313077
1535560313074
1535550313071
1535540313078
3523580115059
3523590115056
1535530213072
1535520213077
1535510213076
1535500213077
1535570213078
1535560213073
1535550213072
1535540213073
3523580015050
3523590015057
1535530513079
1535520513074
1535510513071
1535500513072
1535570513075
1535560513070
1535550513077
1535540513078
3523580715053
3523590715058
1535530413070
1535520413079
1535510413072
1535500413071
1535570413076
1535560413075
1535550413078
1535540413077
3523580615050
3523590615055
1535530713075
1535520713074
1535510713071
1535500713076
1535570713071
1535560713070
1535550713077
1535540713072
3523580515055
3523590515052
1535530613076
1535520613073
1535510613072
1535500613071
1535570613072
1535560613079
1535550613078
1535540613077
3523580415056
3523590415053
1435530113074
1435520113071
1435510113070
1435500113071
1435570113070
1435560113077
1435550113076
1435540113077
3423580315052
3423590315059
1435530013079
1435520013072
1435510013079
1435500013072
1435570013075
1435560013078
1435550013075
1435540013078
3423580215053
3423590215056
1435530313074
1435520313071
1435510313074
1435500313077
1435570313070
1435560313077
1435550313070
1435540313073
3423580115054
3423590115051
1435530213073
1435520213072
1435510213079
1435500213078
1435570213079
1435560213078
1435550213075
1435540213074
3423580015051
3423590015052
1435530513070
1435520513077
1435510513074
1435500513075
1435570513076
1435560513073
1435550513070
1435540513071
3423580715056
3423590715055
1435530413075
1435520413078
1435510413073
1435500413076
1435570413071
1435560413074
1435550413079
1435540413072
3423580615057
3423590615052
1435530713070
1435520713077
1435510713078
1435500713071
1435570713076
1435560713073
1435550713074
1435540713077
3423580515058
3423590515057
1435530613079
1435520613078
1435510613073
1435500613072
1435570613075
1435560613074
1435550613079
1435540613078
3423580415055
3423590415058
1735530113077
1735520113070
1735510113071
1735500113074
1735570113071
1735560113074
1735550113075
1735540113078
3723580315051
3723590315052
1735530013078
1735520013079
1735510013072
1735500013079
1735570013072
1735560013073
1735550013076
1735540013073
3723580215052
3723590215053
1735530313077
1735520313074
1735510313077
1735500313074
1735570313071
1735560313078
1735550313071
1735540313078
3723580115053
3723590115054
1735530213078
1735520213079
1735510213078
1735500213073
1735570213072
1735560213073
1735550213072
1735540213077
3723580015050
3723590015051
1735530513073
1735520513074
1735510513075
1735500513070
1735570513077
1735560513078
1735550513079
1735540513074
3723580715055
3723590715056
1735530413074
1735520413073
1735510413076
1735500413075
1735570413078
1735560413077
1735550413070
1735540413079
3723580615056
3723590615057
1735530713073
1735520713078
1735510713071
1735500713070
1735570713077
1735560713072
1735550713075
1735540713074
3723580515057
3723590515058
1735530613074
1735520613073
1735510613072
1735500613079
1735570613078
1735560613077
1735550613076
1735540613073
3723580415054
3723590415055
1635530113076
1635520113077
1635510113076
1635500113073
1635570113070
1635560113071
1635550113070
1635540113077
3623580315052
3623590315055
1635530013075
1635520013078
1635510013071
1635500013074
1635570013079
1635560013072
1635550013075
1635540013078
3623580215059
3623590215056
1635530313070
1635520313073
1635510313076
1635500313073
1635570313074
1635560313077
1635550313070
1635540313077
3623580115056
3623590115057
1635530213075
1635520213074
1635510213075
1635500213074
1635570213079
1635560213078
1635550213079
1635540213078
3623580015057
3623590015054
1635530513070
1635520513071
1635510513072
1635500513079
1635570513074
1635560513075
1635550513076
1635540513073
3623580715058
3623590715059
1635530413079
1635520413072
1635510413077
1635500413070
1635570413073
1635560413076
1635550413071
1635540413074
3623580615055
3623590615050
1635530713074
1635520713077
1635510713072
1635500713079
1635570713078
1635560713071
1635550713076
1635540713073
3623580515052
3623590515051
1635530613079
1635520613078
1635510613071
1635500613070
1635570613073
1635560613072
1635550613075
1635540613074
3623580415053
3623590415058
1135530113060
1135520113063
1135510113060
1135500113063
1135570113066
1135560113069
1135550113066
1135540113069
3123580315044
3123590315049
1135530013061
1135520013068
1135510013061
1135500013062
1135570013067
1135560013064
1135550013067
1135540013068
3123580215041
3123590215046
1135530313066
1135520313063
1135510313060
1135500313067
1135570313062
1135560313069
1135550313066
1135540313063
3123580115046
3123590115043
1135530213067
1135520213062
1135510213061
1135500213062
1135570213063
1135560213068
1135550213067
1135540213068
3123580015047
3123590015044
1135530513064
1135520513069
1135510513066
1135500513067
1135570513060
1135560513065
1135550513062
1135540513063
3123580715040
3123590715045
1135530413065
1135520413064
1135510413067
1135500413066
1135570413061
1135560413060
1135550413063
1135540413062
3123580615047
3123590615042
1135530713060
1135520713069
1135510713066
1135500713061
1135570713066
1135560713065
1135550713062
1135540713067
3123580515042
3123590515049
1135530613061
1135520613068
1135510613067
1135500613066
1135570613067
1135560613064
1135550613063
1135540613062
3123580415043
3123590415040
1035530113069
1035520113066
1035510113065
1035500113066
1035570113065
1035560113062
1035550113061
1035540113062
3023580315049
3023590315046
1035530013064
1035520013067
1035510013064
1035500013067
1035570013060
1035560013063
1035550013060
1035540013063
3023580215040
3023590215043
1035530313069
1035520313066
1035510313069
1035500313062
1035570313065
1035560313062
1035550313065
1035540313068
3023580115041
3023590115048
1035530213068
1035520213067
1035510213064
1035500213063
1035570213064
1035560213063
1035550213060
1035540213069
3023580015048
3023590015049
1035530513065
1035520513062
1035510513069
1035500513060
1035570513061
1035560513068
1035550513065
1035540513066
3023580715043
3023590715042
1035530413060
1035520413063
1035510413068
1035500413061
1035570413066
1035560413069
1035550413064
1035540413067
3023580615044
3023590615049
1035530713065
1035520713062
1035510713063
1035500713066
1035570713061
1035560713068
1035550713069
1035540713062
3023580515045
3023590515044
1035530613064
1035520613063
1035510613068
1035500613067
1035570613060
1035560613069
1035550613064
1035540613063
3023580415042
3023590415045
1335530113062
1335520113065
1335510113066
1335500113069
1335570113066
1335560113069
1335550113060
1335540113063
3323580315048
3323590315049
1335530013063
1335520013064
1335510013067
1335500013064
1335570013067
1335560013068
1335550013061
1335540013068
3323580215049
3323590215040
1335530313062
1335520313069
1335510313062
1335500313069
1335570313066
1335560313063
1335550313066
1335540313063
3323580115040
3323590115041
1335530213063
1335520213064
1335510213063
1335500213068
1335570213067
1335560213068
1335550213067
1335540213062
3323580015047
3323590015048
1335530513068
1335520513069
1335510513060
1335500513065
1335570513062
1335560513063
1335550513064
1335540513069
3323580715042
3323590715043
1335530413069
1335520413068
1335510413061
1335500413060
1335570413063
1335560413062
1335550413065
1335540413064
3323580615043
3323590615044
1335530713068
1335520713063
1335510713066
1335500713065
1335570713062
1335560713067
1335550713060
1335540713069
3323580515044
3323590515045
1335530613069
1335520613068
1335510613067
1335500613064
1335570613063
1335560613062
1335550613061
1335540613068
3323580415041
3323590415042
1235530113061
1235520113062
1235510113061
1235500113068
1235570113065
1235560113066
1235550113065
1235540113062
3223580315041
3223590315044
1235530013060
1235520013063
1235510013066
1235500013069
1235570013064
1235560013067
1235550013060
1235540013063
3223580215048
3223590215045
1235530313065
1235520313068
1235510313061
1235500313068
1235570313069
1235560313062
1235550313065
1235540313062
3223580115045
3223590115046
1235530213060
1235520213069
1235510213060
1235500213069
1235570213064
1235560213063
1235550213064
1235540213063
3223580015046
3223590015043
1235530513065
1235520513066
1235510513067
1235500513064
1235570513069
1235560513060
1235550513061
1235540513068
3223580715047
3223590715048
1235530413064
1235520413067
1235510413062
1235500413065
1235570413068
1235560413061
1235550413066
1235540413069
3223580615044
3223590615049
1235530713069
1235520713062
1235510713067
1235500713064
1235570713063
1235560713066
1235550713061
1235540713068
3223580515041
3223590515040
1235530613064
1235520613063
1235510613066
1235500613065
1235570613068
1235560613067
1235550613060
1235540613069
3223580415042
3223590415047
1535530113064
1535520113067
1535510113064
1535500113067
1535570113060
1535560113063
1535550113060
1535540113063
3523580315046
3523590315041
1535530013065
1535520013062
1535510013065
1535500013066
1535570013061
1535560013068
1535550013061
1535540013062
3523580215043
3523590215048
1535530313060
1535520313067
1535510313064
1535500313061
1535570313066
1535560313063
1535550313060
1535540313067
3523580115048
3523590115045
1535530213061
1535520213066
1535510213065
1535500213066
1535570213067
1535560213062
1535550213061
1535540213062
3523580015049
3523590015046
1535530513068
1535520513063
1535510513060
1535500513061
1535570513064
1535560513069
1535550513066
1535540513067
3523580715042
3523590715047
1535530413069
1535520413068
1535510413061
1535500413060
1535570413065
1535560413064
1535550413067
1535540413066
3523580615049
3523590615044
1535530713064
1535520713063
1535510713060
1535500713065
1535570713060
1535560713069
1535550713066
1535540713061
3523580515044
3523590515041
1535530613065
1535520613062
1535510613061
1535500613060
1535570613061
1535560613068
1535550613067
1535540613066
3523580415045
3523590415042
1435530113063
1435520113060
1435510113069
1435500113060
1435570113069
1435560113066
1435550113065
1435540113066
3423580315041
3423590315048
1435530013068
1435520013061
1435510013068
1435500013061
1435570013064
1435560013067
1435550013064
1435540013067
3423580215042
3423590215045
1435530313063
1435520313060
1435510313063
1435500313066
1435570313069
1435560313066
1435550313069
1435540313062
3423580115043
3423590115040
1435530213062
1435520213061
1435510213068
1435500213067
1435570213068
1435560213067
1435550213064
1435540213063
3423580015040
3423590015041
1435530513069
1435520513066
1435510513063
1435500513064
1435570513065
1435560513062
1435550513069
1435540513060
3423580715045
3423590715044
1435530413064
1435520413067
1435510413062
1435500413065
1435570413060
1435560413063
1435550413068
1435540413061
3423580615046
3423590615041
1435530713069
1435520713066
1435510713067
1435500713060
1435570713065
1435560713062
1435550713063
1435540713066
3423580515047
3423590515046
1435530613068
1435520613067
1435510613062
1435500613061
1435570613064
1435560613063
1435550613068
1435540613067
3423580415044
3423590415047
1735530113066
1735520113069
1735510113060
1735500113063
1735570113060
1735560113063
1735550113064
1735540113067
3723580315040
3723590315041
1735530013067
1735520013068
1735510013061
1735500013068
1735570013061
1735560013062
1735550013065
1735540013062
3723580215041
3723590215042
1735530313066
1735520313063
1735510313066
1735500313063
1735570313060
1735560313067
1735550313060
1735540313067
3723580115042
3723590115043
1735530213067
1735520213068
1735510213067
1735500213062
1735570213061
1735560213062
1735550213061
1735540213066
3723580015049
3723590015040
1735530513062
1735520513063
1735510513064
1735500513069
1735570513066
1735560513067
1735550513068
1735540513063
3723580715044
3723590715045
1735530413063
1735520413062
1735510413065
1735500413064
1735570413067
1735560413066
1735550413069
1735540413068
3723580615045
3723590615046
1735530713062
1735520713067
1735510713060
1735500713069
1735570713066
1735560713061
1735550713064
1735540713063
3723580515046
3723590515047
1735530613063
1735520613062
1735510613061
1735500613068
1735570613067
1735560613066
1735550613065
1735540613062
3723580415043
3723590415044
1635530113065
1635520113066
1635510113065
1635500113062
1635570113069
1635560113060
1635550113069
1635540113066
3623580315041
3623590315044
1635530013064
1635520013067
1635510013060
1635500013063
1635570013068
1635560013061
1635550013064
1635540013067
3623580215048
3623590215045
1635530313069
1635520313062
1635510313065
1635500313062
1635570313063
1635560313066
1635550313069
1635540313066
3623580115045
3623590115046
1635530213064
1635520213063
1635510213064
1635500213063
1635570213068
1635560213067
1635550213068
1635540213067
3623580015046
3623590015043
1635530513069
1635520513060
1635510513061
1635500513068
1635570513063
1635560513064
1635550513065
1635540513062
3623580715047
3623590715048
1635530413068
1635520413061
1635510413066
1635500413069
1635570413062
1635560413065
1635550413060
1635540413063
3623580615044
3623590615049
1635530713063
1635520713066
1635510713061
1635500713068
1635570713067
1635560713060
1635550713065
1635540713062
3623580515041
3623590515040
1635530613068
1635520613067
1635510613060
1635500613069
1635570613062
1635560613061
1635550613064
1635540613063
3623580415042
3623590415047
1135530113059
1135520113056
1135510113059
1135500113056
1135570113055
1135560113052
1135550113055
1135540113052
3123580315077
3123590315078
1135530013054
1135520013057
1135510013054
1135500013051
1135570013050
1135560013053
1135550013050
1135540013057
3123580215070
3123590215079
1135530313055
1135520313056
1135510313059
1135500313050
1135570313051
1135560313052
1135550313055
1135540313056
3123580115079
3123590115072
1135530213050
1135520213051
1135510213054
1135500213051
1135570213056
1135560213057
1135550213050
1135540213057
3123580015076
3123590015077
1135530513053
1135520513052
1135510513055
1135500513050
1135570513059
1135560513058
1135550513051
1135540513056
3123580715073
3123590715074
1135530413058
1135520413053
1135510413050
1135500413055
1135570413054
1135560413059
1135550413056
1135540413051
3123580615076
3123590615075
1135530713059
1135520713052
1135510713055
1135500713054
1135570713055
1135560713058
1135550713051
1135540713050
3123580515075
3123590515078
1135530613054
1135520613057
1135510613050
1135500613055
1135570613050
1135560613053
1135550613056
1135540613051
3123580415072
3123590415073
1035530113052
1035520113055
1035510113058
1035500113055
1035570113058
1035560113051
1035550113054
1035540113051
3023580315078
3023590315079
1035530013053
1035520013050
1035510013053
1035500013050
1035570013059
1035560013056
1035550013059
1035540013056
3023580215073
3023590215072
1035530313052
1035520313055
1035510313052
1035500313051
1035570313058
1035560313051
1035550313058
1035540313057
3023580115070
3023590115071
1035530213057
1035520213050
1035510213053
1035500213056
1035570213053
1035560213056
1035550213059
1035540213052
3023580015071
3023590015078
1035530513058
1035520513051
1035510513052
1035500513059
1035570513054
1035560513057
1035550513058
1035540513055
3023580715072
3023590715075
1035530413059
1035520413056
1035510413057
1035500413054
1035570413055
1035560413052
1035550413053
1035540413050
3023580615077
3023590615078
1035530713058
1035520713051
1035510713056
1035500713055
1035570713054
1035560713057
1035550713052
1035540713051
3023580515074
3023590515077
1035530613053
1035520613056
1035510613057
1035500613050
1035570613059
1035560613052
1035550613053
1035540613056
3023580415075
3023590415074
1335530113051
1335520113058
1335510113055
1335500113052
1335570113055
1335560113052
1335550113059
1335540113056
3323580315071
3323590315078
1335530013056
1335520013053
1335510013050
1335500013053
1335570013050
1335560013057
1335550013054
1335540013057
3323580215078
3323590215073
1335530313051
1335520313052
1335510313051
1335500313052
1335570313055
1335560313056
1335550313055
1335540313056
3323580115073
3323590115070
1335530213056
1335520213053
1335510213056
1335500213057
1335570213050
1335560213057
1335550213050
1335540213051
3323580015076
3323590015071
1335530513057
1335520513052
1335510513059
1335500513058
1335570513051
1335560513056
1335550513053
1335540513052
3323580715075
3323590715072
1335530413052
1335520413057
1335510413054
1335500413059
1335570413056
1335560413051
1335550413058
1335540413053
3323580615072
3323590615077
1335530713057
1335520713056
1335510713055
1335500713058
1335570713051
1335560713050
1335550713059
1335540713052
3323580515077
3323590515074
1335530613052
1335520613057
1335510613050
1335500613053
1335570613056
1335560613051
1335550613054
1335540613057
3323580415070
3323590415075
1235530113054
1235520113051
1235510113054
1235500113057
1235570113058
1235560113055
1235550113058
1235540113051
3223580315070
3223590315077
1235530013059
1235520013056
1235510013055
1235500013052
1235570013053
1235560013050
1235550013059
1235540013056
3223580215071
3223590215074
1235530313058
1235520313057
1235510313054
1235500313057
1235570313052
1235560313051
1235550313058
1235540313051
3223580115074
3223590115079
1235530213059
1235520213052
1235510213059
1235500213052
1235570213053
1235560213056
1235550213053
1235540213056
3223580015079
3223590015072
1235530513058
1235520513055
1235510513050
1235500513053
1235570513052
1235560513059
1235550513054
1235540513057
3223580715076
3223590715071
1235530413053
1235520413050
1235510413051
1235500413058
1235570413057
1235560413054
1235550413055
1235540413052
3223580615077
3223590615078
1235530713052
1235520713051
1235510713050
1235500713053
1235570713056
1235560713055
1235550713054
1235540713057
3223580515070
3223590515073
1235530613053
1235520613056
1235510613055
1235500613058
1235570613057
1235560613050
1235550613059
1235540613052
3223580415075
3223590415076
1535530113053
1535520113050
1535510113053
1535500113050
1535570113059
1535560113056
1535550113059
1535540113056
3523580315079
3523590315070
1535530013058
1535520013051
1535510013058
1535500013055
1535570013054
1535560013057
1535550013054
1535540013051
3523580215072
3523590215071
1535530313059
1535520313050
1535510313053
1535500313054
1535570313055
1535560313056
1535550313059
1535540313050
3523580115071
3523590115074
1535530213054
1535520213055
1535510213058
1535500213055
1535570213050
1535560213051
1535550213054
1535540213051
3523580015078
3523590015079
1535530513057
1535520513056
1535510513059
1535500513054
1535570513053
1535560513052
1535550513055
1535540513050
3523580715075
3523590715076
1535530413052
1535520413057
1535510413054
1535500413059
1535570413058
1535560413053
1535550413050
1535540413055
3523580615078
3523590615077
1535530713053
1535520713056
1535510713059
1535500713058
1535570713059
1535560713052
1535550713055
1535540713054
3523580515077
3523590515070
1535530613058
1535520613051
1535510613054
1535500613059
1535570613054
1535560613057
1535550613050
1535540613055
3523580415074
3523590415075
1435530113056
1435520113059
1435510113052
1435500113059
1435570113052
1435560113055
1435550113058
1435540113055
3423580315070
3423590315071
1435530013057
1435520013054
1435510013057
1435500013054
1435570013053
1435560013050
1435550013053
1435540013050
3423580215075
3423590215074
1435530313056
1435520313059
1435510313056
1435500313055
1435570313052
1435560313055
1435550313052
1435540313051
3423580115072
3423590115073
1435530213051
1435520213054
1435510213057
1435500213050
1435570213057
1435560213050
1435550213053
1435540213056
3423580015073
3423590015070
1435530513052
1435520513055
1435510513056
1435500513053
1435570513058
1435560513051
1435550513052
1435540513059
3423580715074
3423590715077
1435530413053
1435520413050
1435510413051
1435500413058
1435570413059
1435560413056
1435550413057
1435540413054
3423580615079
3423590615070
1435530713052
1435520713055
1435510713050
1435500713059
1435570713058
1435560713051
1435550713056
1435540713055
3423580515076
3423590515079
1435530613057
1435520613050
1435510613051
1435500613054
1435570613053
1435560613056
1435550613057
1435540613050
3423580415077
3423590415076
1735530113055
1735520113052
1735510113059
1735500113056
1735570113059
1735560113056
1735550113053
1735540113050
3723580315073
3723590315070
1735530013050
1735520013057
1735510013054
1735500013057
1735570013054
1735560013051
1735550013058
1735540013051
3723580215070
3723590215075
1735530313055
1735520313056
1735510313055
1735500313056
1735570313059
1735560313050
1735550313059
1735540313050
3723580115075
3723590115072
1735530213050
1735520213057
1735510213050
1735500213051
1735570213054
1735560213051
1735550213054
1735540213055
3723580015078
3723590015073
1735530513051
1735520513056
1735510513053
1735500513052
1735570513055
1735560513050
1735550513057
1735540513056
3723580715077
3723590715074
1735530413056
1735520413051
1735510413058
1735500413053
1735570413050
1735560413055
1735550413052
1735540413057
3723580615074
3723590615079
1735530713051
1735520713050
1735510713059
1735500713052
1735570713055
1735560713054
1735550713053
1735540713056
3723580515079
3723590515076
1735530613056
1735520613051
1735510613054
1735500613057
1735570613050
1735560613055
1735550613058
1735540613051
3723580415072
3723590415077
1635530113058
1635520113055
1635510113058
1635500113051
1635570113052
1635560113059
1635550113052
1635540113055
3623580315070
3623590315077
1635530013053
1635520013050
1635510013059
1635500013056
1635570013057
1635560013054
1635550013053
1635540013050
3623580215071
3623590215074
1635530313052
1635520313051
1635510313058
1635500313051
1635570313056
1635560313055
1635550313052
1635540313055
3623580115074
3623590115079
1635530213053
1635520213056
1635510213053
1635500213056
1635570213057
1635560213050
1635550213057
1635540213050
3623580015079
3623590015072
1635530513052
1635520513059
1635510513054
1635500513057
1635570513056
1635560513053
1635550513058
1635540513051
3623580715076
3623590715071
1635530413057
1635520413054
1635510413055
1635500413052
1635570413051
1635560413058
1635550413059
1635540413056
3623580615077
3623590615078
1635530713056
1635520713055
1635510713054
1635500713057
1635570713050
1635560713059
1635550713058
1635540713051
3623580515070
3623590515073
1635530613057
1635520613050
1635510613059
1635500613052
1635570613051
1635560613054
1635550613053
1635540613056
3623580415075
3623590415076
1135530113048
1135520113045
1135510113048
1135500113045
1135570113044
1135560113041
1135550113044
1135540113041
3123580315066
3123590315067
1135530013043
1135520013046
1135510013043
1135500013040
1135570013049
1135560013042
1135550013049
1135540013046
3123580215069
3123590215068
1135530313044
1135520313045
1135510313048
1135500313049
1135570313040
1135560313041
1135550313044
1135540313045
3123580115068
3123590115061
1135530213049
1135520213040
1135510213043
1135500213040
1135570213045
1135560213046
1135550213049
1135540213046
3123580015065
3123590015066
1135530513042
1135520513041
1135510513044
1135500513049
1135570513048
1135560513047
1135550513040
1135540513045
3123580715062
3123590715063
1135530413047
1135520413042
1135510413049
1135500413044
1135570413043
1135560413048
1135550413045
1135540413040
3123580615065
3123590615064
1135530713048
1135520713041
1135510713044
1135500713043
1135570713044
1135560713047
1135550713040
1135540713049
3123580515064
3123590515067
1135530613043
1135520613046
1135510613049
1135500613044
1135570613049
1135560613042
1135550613045
1135540613040
3123580415061
3123590415062
1035530113041
1035520113044
1035510113047
1035500113044
1035570113047
1035560113040
1035550113043
1035540113040
3023580315067
3023590315068
1035530013042
1035520013049
1035510013042
1035500013049
1035570013048
1035560013045
1035550013048
1035540013045
3023580215062
3023590215061
1035530313041
1035520313044
1035510313041
1035500313040
1035570313047
1035560313040
1035550313047
1035540313046
3023580115069
3023590115060
1035530213046
1035520213049
1035510213042
1035500213045
1035570213042
1035560213045
1035550213048
1035540213041
3023580015060
3023590015067
1035530513047
1035520513040
1035510513041
1035500513048
1035570513043
1035560513046
1035550513047
1035540513044
3023580715061
3023590715064
1035530413048
1035520413045
1035510413046
1035500413043
1035570413044
1035560413041
1035550413042
1035540413049
3023580615066
3023590615067
1035530713047
1035520713040
1035510713045
1035500713044
1035570713043
1035560713046
1035550713041
1035540713040
3023580515063
3023590515066
1035530613042
1035520613045
1035510613046
1035500613049
1035570613048
1035560613041
1035550613042
1035540613045
3023580415064
3023590415063
1335530113040
1335520113047
1335510113044
1335500113041
1335570113044
1335560113041
1335550113048
1335540113045
3323580315060
3323590315067
1335530013045
1335520013042
1335510013049
1335500013042
1335570013049
1335560013046
1335550013043
1335540013046
3323580215067
3323590215062
1335530313040
1335520313041
1335510313040
1335500313041
1335570313044
1335560313045
1335550313044
1335540313045
3323580115062
3323590115069
1335530213045
1335520213042
1335510213045
1335500213046
1335570213049
1335560213046
1335550213049
1335540213040
3323580015065
3323590015060
1335530513046
1335520513041
1335510513048
1335500513047
1335570513040
1335560513045
1335550513042
1335540513041
3323580715064
3323590715061
1335530413041
1335520413046
1335510413043
1335500413048
1335570413045
1335560413040
1335550413047
1335540413042
3323580615061
3323590615066
1335530713046
1335520713045
1335510713044
1335500713047
1335570713040
1335560713049
1335550713048
1335540713041
3323580515066
3323590515063
1335530613041
1335520613046
1335510613049
1335500613042
1335570613045
1335560613040
1335550613043
1335540613046
3323580415069
3323590415064
1235530113043
1235520113040
1235510113043
1235500113046
1235570113047
1235560113044
1235550113047
1235540113040
3223580315069
3223590315066
1235530013048
1235520013045
1235510013044
1235500013041
1235570013042
1235560013049
1235550013048
1235540013045
3223580215060
3223590215063
1235530313047
1235520313046
1235510313043
1235500313046
1235570313041
1235560313040
1235550313047
1235540313040
3223580115063
3223590115068
1235530213048
1235520213041
1235510213048
1235500213041
1235570213042
1235560213045
1235550213042
1235540213045
3223580015068
3223590015061
1235530513047
1235520513044
1235510513049
1235500513042
1235570513041
1235560513048
1235550513043
1235540513046
3223580715065
3223590715060
1235530413042
1235520413049
1235510413040
1235500413047
1235570413046
1235560413043
1235550413044
1235540413041
3223580615066
3223590615067
1235530713041
1235520713040
1235510713049
1235500713042
1235570713045
1235560713044
1235550713043
1235540713046
3223580515069
3223590515062
1235530613042
1235520613045
1235510613044
1235500613047
1235570613046
1235560613049
1235550613048
1235540613041
3223580415064
3223590415065
1535530113042
1535520113049
1535510113042
1535500113049
1535570113048
1535560113045
1535550113048
1535540113045
3523580315068
3523590315069
1535530013047
1535520013040
1535510013047
1535500013044
1535570013043
1535560013046
1535550013043
1535540013040
3523580215061
3523590215060
1535530313048
1535520313049
1535510313042
1535500313043
1535570313044
1535560313045
1535550313048
1535540313049
3523580115060
3523590115063
1535530213043
1535520213044
1535510213047
1535500213044
1535570213049
1535560213040
1535550213043
1535540213040
3523580015067
3523590015068
1535530513046
1535520513045
1535510513048
1535500513043
1535570513042
1535560513041
1535550513044
1535540513049
3523580715064
3523590715065
1535530413041
1535520413046
1535510413043
1535500413048
1535570413047
1535560413042
1535550413049
1535540413044
3523580615067
3523590615066
1535530713042
1535520713045
1535510713048
1535500713047
1535570713048
1535560713041
1535550713044
1535540713043
3523580515066
3523590515069
1535530613047
1535520613040
1535510613043
1535500613048
1535570613043
1535560613046
1535550613049
1535540613044
3523580415063
3523590415064
1435530113045
1435520113048
1435510113041
1435500113048
1435570113041
1435560113044
1435550113047
1435540113044
3423580315069
3423590315060
1435530013046
1435520013043
1435510013046
1435500013043
1435570013042
1435560013049
1435550013042
1435540013049
3423580215064
3423590215063
1435530313045
1435520313048
1435510313045
1435500313044
1435570313041
1435560313044
1435550313041
1435540313040
3423580115061
3423590115062
1435530213040
1435520213043
1435510213046
1435500213049
1435570213046
1435560213049
1435550213042
1435540213045
3423580015062
3423590015069
1435530513041
1435520513044
1435510513045
1435500513042
1435570513047
1435560513040
1435550513041
1435540513048
3423580715063
3423590715066
1435530413042
1435520413049
1435510413040
1435500413047
1435570413048
1435560413045
1435550413046
1435540413043
3423580615068
3423590615069
1435530713041
1435520713044
1435510713049
1435500713048
1435570713047
1435560713040
1435550713045
1435540713044
3423580515065
3423590515068
1435530613046
1435520613049
1435510613040
1435500613043
1435570613042
1435560613045
1435550613046
1435540613049
3423580415066
3423590415065
1735530113044
1735520113041
1735510113048
1735500113045
1735570113048
1735560113045
1735550113042
1735540113049
3723580315062
3723590315069
1735530013049
1735520013046
1735510013043
1735500013046
1735570013043
1735560013040
1735550013047
1735540013040
3723580215069
3723590215064
1735530313044
1735520313045
1735510313044
1735500313045
1735570313048
1735560313049
1735550313048
1735540313049
3723580115064
3723590115061
1735530213049
1735520213046
1735510213049
1735500213040
1735570213043
1735560213040
1735550213043
1735540213044
3723580015067
3723590015062
1735530513040
1735520513045
1735510513042
1735500513041
1735570513044
1735560513049
1735550513046
1735540513045
3723580715066
3723590715063
1735530413045
1735520413040
1735510413047
1735500413042
1735570413049
1735560413044
1735550413041
1735540413046
3723580615063
3723590615068
1735530713040
1735520713049
1735510713048
1735500713041
1735570713044
1735560713043
1735550713042
1735540713045
3723580515068
3723590515065
1735530613045
1735520613040
1735510613043
1735500613046
1735570613049
1735560613044
1735550613047
1735540613040
3723580415061
3723590415066
1635530113047
1635520113044
1635510113047
1635500113040
1635570113041
1635560113048
1635550113041
1635540113044
3623580315069
3623590315066
1635530013042
1635520013049
1635510013048
1635500013045
1635570013046
1635560013043
1635550013042
1635540013049
3623580215060
3623590215063
1635530313041
1635520313040
1635510313047
1635500313040
1635570313045
1635560313044
1635550313041
1635540313044
3623580115063
3623590115068
1635530213042
1635520213045
1635510213042
1635500213045
1635570213046
1635560213049
1635550213046
1635540213049
3623580015068
3623590015061
1635530513041
1635520513048
1635510513043
1635500513046
1635570513045
1635560513042
1635550513047
1635540513040
3623580715065
3623590715060
1635530413046
1635520413043
1635510413044
1635500413041
1635570413040
1635560413047
1635550413048
1635540413045
3623580615066
3623590615067
1635530713045
1635520713044
1635510713043
1635500713046
1635570713049
1635560713048
1635550713047
1635540713040
3623580515069
3623590515062
1635530613046
1635520613049
1635510613048
1635500613041
1635570613040
1635560613043
1635550613042
1635540613045
3623580415064
3623590415065
