1125530113034
1125530103035
1125530133030
1125530123031
1125530153032
1125530143033
1125530173038
1125530163039
1125530113131
1125530103134
1125530133137
1125530123130
1125530153139
1125530143132
1125530173135
1125530163138
1125530113238
1125530103231
1125530133234
1125530123237
1125530153236
1125530143239
1125530173232
1125530163235
1125530113335
1125530103330
1125530133331
1125530123336
1125530153333
1125530143338
1125530173339
1125530163334
1125530113432
1125530103437
1125530133432
1125530123439
1125530153430
1125530143435
1125530173430
1125530163437
1125530113539
1125530103536
1125530133539
1125530123538
1125530153537
1125530143534
1125530173537
1125530163536
1125530113636
1125530103633
1125530133636
1125530123635
1125530153634
1125530143631
1125530173634
1125530163633
1125530113733
1125530103732
1125530133733
1125530123734
1125530153731
1125530143730
1125530173731
1125530163732
1125430113031
1125430103036
1125430133035
1125430123030
1125430153033
1125430143038
1125430173037
1125430163032
1125430113130
1125430103133
1125430133134
1125430123137
1125430153132
1125430143135
1125430173136
1125430163139
1125430113237
1125430103230
1125430133231
1125430123234
1125430153239
1125430143232
1125430173233
1125430163236
1125430113336
1125430103337
1125430133330
1125430123331
1125430153338
1125430143339
1125430173332
1125430163333
1125430113433
1125430103438
1125430133433
1125430123438
1125430153435
1125430143430
1125430173435
1125430163430
1125430113532
1125430103535
1125430133532
1125430123535
1125430153534
1125430143537
1125430173534
1125430163537
1125430113639
1125430103632
1125430133639
1125430123632
1125430153631
1125430143634
1125430173631
1125430163634
1125430113738
1125430103739
1125430133738
1125430123739
1125430153730
1125430143731
1125430173730
1125430163731
1125730113038
1125730103039
1125730133034
1125730123035
1125730153030
1125730143031
1125730173036
1125730163037
1125730113135
1125730103138
1125730133131
1125730123134
1125730153137
1125730143130
1125730173133
1125730163136
1125730113232
1125730103235
1125730133238
1125730123231
1125730153234
1125730143237
1125730173230
1125730163233
1125730113339
1125730103334
1125730133335
1125730123330
1125730153331
1125730143336
1125730173337
1125730163332
1125730113430
1125730103437
1125730133432
1125730123437
1125730153432
1125730143439
1125730173434
1125730163439
1125730113537
1125730103536
1125730133539
1125730123536
1125730153539
1125730143538
1125730173531
1125730163538
1125730113634
1125730103633
1125730133636
1125730123633
1125730153636
1125730143635
1125730173638
1125730163635
1125730113731
1125730103732
1125730133733
1125730123732
1125730153733
1125730143734
1125730173735
1125730163734
1125630113035
1125630103030
1125630133039
1125630123034
1125630153033
1125630143038
1125630173037
1125630163032
1125630113134
1125630103137
1125630133138
1125630123131
1125630153132
1125630143135
1125630173136
1125630163139
1125630113231
1125630103234
1125630133235
1125630123238
1125630153239
1125630143232
1125630173233
1125630163236
1125630113330
1125630103331
1125630133334
1125630123335
1125630153338
1125630143339
1125630173332
1125630163333
1125630113433
1125630103438
1125630133431
1125630123436
1125630153431
1125630143436
1125630173439
1125630163434
1125630113532
1125630103535
1125630133530
1125630123533
1125630153530
1125630143533
1125630173538
1125630163531
1125630113639
1125630103632
1125630133637
1125630123630
1125630153637
1125630143630
1125630173635
1125630163638
1125630113738
1125630103739
1125630133736
1125630123737
1125630153736
1125630143737
1125630173734
1125630163735
1125130113032
1125130103033
1125130133038
1125130123039
1125130153030
1125130143031
1125130173036
1125130163037
1125130113139
1125130103132
1125130133135
1125130123138
1125130153137
1125130143130
1125130173133
1125130163136
1125130113236
1125130103239
1125130133232
1125130123235
1125130153234
1125130143237
1125130173230
1125130163233
1125130113333
1125130103338
1125130133339
1125130123334
1125130153331
1125130143336
1125130173337
1125130163332
1125130113430
1125130103435
1125130133430
1125130123437
1125130153438
1125130143433
1125130173438
1125130163435
1125130113537
1125130103534
1125130133537
1125130123536
1125130153535
1125130143532
1125130173535
1125130163534
1125130113634
1125130103631
1125130133634
1125130123633
1125130153632
1125130143639
1125130173632
1125130163631
1125130113731
1125130103730
1125130133731
1125130123732
1125130153739
1125130143738
1125130173739
1125130163730
1125030113039
1125030103034
1125030133033
1125030123038
1125030153031
1125030143036
1125030173035
1125030163030
1125030113138
1125030103131
1125030133132
1125030123135
1125030153130
1125030143133
1125030173134
1125030163137
1125030113235
1125030103238
1125030133239
1125030123232
1125030153237
1125030143230
1125030173231
1125030163234
1125030113334
1125030103335
1125030133338
1125030123339
1125030153336
1125030143337
1125030173330
1125030163331
1125030113431
1125030103436
1125030133431
1125030123436
1125030153433
1125030143438
1125030173433
1125030163438
1125030113530
1125030103533
1125030133530
1125030123533
1125030153532
1125030143535
1125030173532
1125030163535
1125030113637
1125030103630
1125030133637
1125030123630
1125030153639
1125030143632
1125030173639
1125030163632
1125030113736
1125030103737
1125030133736
1125030123737
1125030153738
1125030143739
1125030173738
1125030163739
1125330113036
1125330103037
1125330133032
1125330123033
1125330153038
1125330143039
1125330173034
1125330163035
1125330113133
1125330103136
1125330133139
1125330123132
1125330153135
1125330143138
1125330173131
1125330163134
1125330113230
1125330103233
1125330133236
1125330123239
1125330153232
1125330143235
1125330173238
1125330163231
1125330113337
1125330103332
1125330133333
1125330123338
1125330153339
1125330143334
1125330173335
1125330163330
1125330113438
1125330103435
1125330133430
1125330123435
1125330153430
1125330143437
1125330173432
1125330163437
1125330113535
1125330103534
1125330133537
1125330123534
1125330153537
1125330143536
1125330173539
1125330163536
1125330113632
1125330103631
1125330133634
1125330123631
1125330153634
1125330143633
1125330173636
1125330163633
1125330113739
1125330103730
1125330133731
1125330123730
1125330153731
1125330143732
1125330173733
1125330163732
1125230113033
1125230103038
1125230133037
1125230123032
1125230153031
1125230143036
1125230173035
1125230163030
1125230113132
1125230103135
1125230133136
1125230123139
1125230153130
1125230143133
1125230173134
1125230163137
1125230113239
1125230103232
1125230133233
1125230123236
1125230153237
1125230143230
1125230173231
1125230163234
1125230113338
1125230103339
1125230133332
1125230123333
1125230153336
1125230143337
1125230173330
1125230163331
1125230113431
1125230103436
1125230133439
1125230123434
1125230153439
1125230143434
1125230173437
1125230163432
1125230113530
1125230103533
1125230133538
1125230123531
1125230153538
1125230143531
1125230173536
1125230163539
1125230113637
1125230103630
1125230133635
1125230123638
1125230153635
1125230143638
1125230173633
1125230163636
1125230113736
1125230103737
1125230133734
1125230123735
1125230153734
1125230143735
1125230173732
1125230163733
3133950315015
3133950305018
3133950335017
3133950325010
3133950355013
3133950345016
3133950375015
3133950365018
3133950315118
3133950305111
3133950335110
3133950325113
3133950355116
3133950345119
3133950375118
3133950365111
3133950315211
3133950305212
3133950335213
3133950325214
3133950355219
3133950345210
3133950375211
3133950365212
3133950315314
3133950305315
3133950335316
3133950325317
3133950355312
3133950345313
3133950375314
3133950365315
3133950315417
3133950305410
3133950335415
3133950325418
3133950355415
3133950345418
3133950375413
3133950365416
3133950315510
3133950305513
3133950335518
3133950325511
3133950355518
3133950345511
3133950375516
3133950365519
3133950315613
3133950305614
3133950335611
3133950325612
3133950355611
3133950345612
3133950375619
3133950365610
3133950315716
3133950305717
3133950335714
3133950325715
3133950355714
3133950345715
3133950375712
3133950365713
3133850315010
3133850305011
3133850335014
3133850325019
3133850355018
3133850345019
3133850375012
3133850365017
3133850315113
3133850305114
3133850335117
3133850325112
3133850355111
3133850345112
3133850375115
3133850365110
3133850315214
3133850305217
3133850335218
3133850325215
3133850355212
3133850345215
3133850375216
3133850365213
3133850315317
3133850305310
3133850335311
3133850325318
3133850355315
3133850345318
3133850375319
3133850365316
3133850315412
3133850305419
3133850335412
3133850325411
3133850355410
3133850345417
3133850375410
3133850365419
3133850315515
3133850305512
3133850335515
3133850325514
3133850355513
3133850345510
3133850375513
3133850365512
3133850315616
3133850305615
3133850335616
3133850325617
3133850355614
3133850345613
3133850375614
3133850365615
3133850315719
3133850305718
3133850335719
3133850325710
3133850355717
3133850345716
3133850375717
3133850365718
